0
1
sm00_material\environment\template\architecture\gbl_arch_Concrete_Trim_02\sza_gbl_arch_painted_rusted_metal_trim_01.material
1
0
1088
-1.090332 4.309082 -0.120117
0.001382 0.001382 -0.999998
0 0 0 0
0.001526 0.032776
-0.908447 4.309082 -0.120117
0.001382 0.001382 -0.999998
0 0 0 0
0.001526 0.092224
-0.908447 0.212891 -0.120117
0.001382 0.001382 -0.999998
0 0 0 0
1 0.092224
-1.090332 0.212891 -0.120117
0.001382 0.001382 -0.999998
0 0 0 0
1 0.032776
-1.090332 0.212891 -0.120117
0.000978 -1 -0.000001
0 0 0 0
0.001526 0.032776
-0.908447 0.212891 -0.120117
0.000978 -1 -0.000001
0 0 0 0
0.001526 0.092224
-0.908447 0.212891 0.105225
0.000978 -1 -0.000001
0 0 0 0
0.059875 0.092224
-1.090332 0.212891 0.105225
0.000978 -1 -0.000001
0 0 0 0
0.059875 0.032776
-0.908447 0.212891 0.105225
1 0.000978 -0.000001
0 0 0 0
0.001526 0.032776
-0.908447 0.212891 -0.120117
1 0.000978 -0.000001
0 0 0 0
0.001526 0.092224
-0.908447 4.309082 -0.120117
1 0.000978 -0.000001
0 0 0 0
1 0.092224
-0.908447 4.309082 0.105225
1 0.000978 -0.000001
0 0 0 0
1 0.032776
-1.090332 0.212891 0.105225
0.001382 0.001382 0.999998
0 0 0 0
0.001526 0.092224
-0.908447 0.212891 0.105225
0.001382 0.001382 0.999998
0 0 0 0
0.001526 0.032776
-0.908447 4.309082 0.105225
0.001382 0.001382 0.999998
0 0 0 0
1 0.032776
-1.090332 4.309082 0.105225
0.001382 0.001382 0.999998
0 0 0 0
1 0.092224
-1.090332 4.309082 0.105225
0.000978 1 -0.000001
0 0 0 0
0.001526 0.032776
-0.908447 4.309082 0.105225
0.000978 1 -0.000001
0 0 0 0
0.001526 0.092224
-0.908447 4.309082 -0.120117
0.000978 1 -0.000001
0 0 0 0
0.059875 0.092224
-1.090332 4.309082 -0.120117
0.000978 1 -0.000001
0 0 0 0
0.059875 0.032776
-1.090332 0.212891 -0.120117
-1 0.000978 -0.000001
0 0 0 0
0.001526 0.032776
-1.090332 0.212891 0.105225
-1 0.000978 -0.000001
0 0 0 0
0.001526 0.092224
-1.090332 4.309082 0.105225
-1 0.000978 -0.000001
0 0 0 0
1 0.092224
-1.090332 4.309082 -0.120117
-1 0.000978 -0.000001
0 0 0 0
1 0.032776
0.909668 4.309082 -0.120117
0.001382 0.001382 -0.999998
0 0 0 0
0.001526 0.032776
1.091553 4.309082 -0.120117
0.001382 0.001382 -0.999998
0 0 0 0
0.001526 0.092224
1.091553 0.212891 -0.120117
0.001382 0.001382 -0.999998
0 0 0 0
1 0.092224
0.909668 0.212891 -0.120117
0.001382 0.001382 -0.999998
0 0 0 0
1 0.032776
0.909668 0.212891 -0.120117
0.000978 -1 -0.000001
0 0 0 0
0.001526 0.032776
1.091553 0.212891 -0.120117
0.000978 -1 -0.000001
0 0 0 0
0.001526 0.092224
1.091553 0.212891 0.105225
0.000978 -1 -0.000001
0 0 0 0
0.059875 0.092224
0.909668 0.212891 0.105225
0.000978 -1 -0.000001
0 0 0 0
0.059875 0.032776
1.091553 0.212891 0.105225
1 0.000978 -0.000001
0 0 0 0
0.001526 0.032776
1.091553 0.212891 -0.120117
1 0.000978 -0.000001
0 0 0 0
0.001526 0.092224
1.091553 4.309082 -0.120117
1 0.000978 -0.000001
0 0 0 0
1 0.092224
1.091553 4.309082 0.105225
1 0.000978 -0.000001
0 0 0 0
1 0.032776
0.909668 0.212891 0.105225
0.001382 0.001382 0.999998
0 0 0 0
0.001526 0.092224
1.091553 0.212891 0.105225
0.001382 0.001382 0.999998
0 0 0 0
0.001526 0.032776
1.091553 4.309082 0.105225
0.001382 0.001382 0.999998
0 0 0 0
1 0.032776
0.909668 4.309082 0.105225
0.001382 0.001382 0.999998
0 0 0 0
1 0.092224
0.909668 4.309082 0.105225
0.000978 1 -0.000001
0 0 0 0
0.001526 0.032776
1.091553 4.309082 0.105225
0.000978 1 -0.000001
0 0 0 0
0.001526 0.092224
1.091553 4.309082 -0.120117
0.000978 1 -0.000001
0 0 0 0
0.059875 0.092224
0.909668 4.309082 -0.120117
0.000978 1 -0.000001
0 0 0 0
0.059875 0.032776
0.909668 0.212891 -0.120117
-1 0.000978 -0.000001
0 0 0 0
0.001526 0.032776
0.909668 0.212891 0.105225
-1 0.000978 -0.000001
0 0 0 0
0.001526 0.092224
0.909668 4.309082 0.105225
-1 0.000978 -0.000001
0 0 0 0
1 0.092224
0.909668 4.309082 -0.120117
-1 0.000978 -0.000001
0 0 0 0
1 0.032776
-0.019775 0.033691 -1.426758
0.001382 0.001382 -0.999998
0 0 0 0
0.086731 0.056335
-0.063232 0 -1.426758
0.001382 0.001382 -0.999998
0 0 0 0
0.099121 0.040405
-0.063232 0.033691 -1.426758
0.001382 0.001382 -0.999998
0 0 0 0
0.086731 0.040405
0 0 -1.426758
0.001382 0.001382 -0.999998
0 0 0 0
0.099121 0.063416
0 0.033691 -1.426758
0.001382 0.001382 -0.999998
0 0 0 0
0.086731 0.063904
0 0.173828 -1.426758
0.001382 0.001382 -0.999998
0 0 0 0
0.035034 0.063416
-0.019775 0.173828 -1.426758
0.001382 0.001382 -0.999998
0 0 0 0
0.035034 0.056335
0 0.20752 -1.426758
0.001382 0.001382 -0.999998
0 0 0 0
0.022644 0.063416
-0.063232 0.20752 -1.426758
0.001382 0.001382 -0.999998
0 0 0 0
0.022644 0.040405
-0.063232 0.173828 -1.426758
0.001382 0.001382 -0.999998
0 0 0 0
0.035034 0.040405
-0.019775 0.173828 -1.426758
-1 0.000978 -0.000001
0 0 0 0
-0.50293 0.03595
-0.019775 0.033691 -1.426758
-1 0.000978 -0.000001
0 0 0 0
-0.50293 0.087708
-0.019775 0.033691 1.426758
-1 0.000978 -0.000001
0 0 0 0
-0.032593 0.087708
-0.019775 0.173828 1.426758
-1 0.000978 -0.000001
0 0 0 0
-0.032593 0.03595
-0.019775 0.033691 1.426758
0.000978 1 -0.000001
0 0 0 0
0.911499 0.081055
-0.019775 0.033691 -1.426758
0.000978 1 -0.000001
0 0 0 0
0.052246 0.081055
-0.063232 0.033691 -1.426758
0.000978 1 -0.000001
0 0 0 0
0.052246 0.033691
-0.063232 0.033691 1.426758
0.000978 1 -0.000001
0 0 0 0
0.911499 0.033691
-0.063232 0.033691 1.426758
-1 0.000978 -0.000001
0 0 0 0
0.052246 0.033691
-0.063232 0.033691 -1.426758
-1 0.000978 -0.000001
0 0 0 0
0.911499 0.033691
-0.063232 0 -1.426758
-1 0.000978 -0.000001
0 0 0 0
0.911499 0.081055
-0.063232 0 1.426758
-1 0.000978 -0.000001
0 0 0 0
0.052246 0.081055
0 0 -1.426758
0.000978 -1 -0.000001
0 0 0 0
0.001526 0.029724
-0.063232 0 1.426758
0.000978 -1 -0.000001
0 0 0 0
0.737488 0.001526
-0.063232 0 -1.426758
0.000978 -1 -0.000001
0 0 0 0
0.001526 0.001526
0 0 1.426758
0.000978 -1 -0.000001
0 0 0 0
0.737488 0.029724
-0.063232 0 1.426758
0.001382 0.001382 0.999998
0 0 0 0
0.024048 0.049316
-0.019775 0.033691 1.426758
0.001382 0.001382 0.999998
0 0 0 0
0.03064 0.057739
-0.063232 0.033691 1.426758
0.001382 0.001382 0.999998
0 0 0 0
0.03064 0.049316
0 0 1.426758
0.001382 0.001382 0.999998
0 0 0 0
0.024048 0.061523
0 0.033691 1.426758
0.001382 0.001382 0.999998
0 0 0 0
0.03064 0.061523
-0.019775 0.173828 1.426758
0.001382 0.001382 0.999998
0 0 0 0
0.058044 0.057739
0 0.173828 1.426758
0.001382 0.001382 0.999998
0 0 0 0
0.058044 0.061523
0 0.20752 1.426758
0.001382 0.001382 0.999998
0 0 0 0
0.064575 0.061523
-0.063232 0.20752 1.426758
0.001382 0.001382 0.999998
0 0 0 0
0.064575 0.049316
-0.063232 0.173828 1.426758
0.001382 0.001382 0.999998
0 0 0 0
0.058044 0.049316
-0.063232 0.173828 -1.426758
-1 0.000978 -0.000001
0 0 0 0
0.911499 0.081055
-0.063232 0.173828 1.426758
-1 0.000978 -0.000001
0 0 0 0
0.052246 0.081055
-0.063232 0.20752 1.426758
-1 0.000978 -0.000001
0 0 0 0
0.052246 0.033691
-0.063232 0.20752 -1.426758
-1 0.000978 -0.000001
0 0 0 0
0.911499 0.033691
-0.019775 0.173828 -1.426758
0.000978 -1 -0.000001
0 0 0 0
0.905212 0.001526
-0.019775 0.173828 1.426758
0.000978 -1 -0.000001
0 0 0 0
0.048096 0.001526
-0.063232 0.173828 1.426758
0.000978 -1 -0.000001
0 0 0 0
0.048096 0.029724
-0.063232 0.173828 -1.426758
0.000978 -1 -0.000001
0 0 0 0
0.905212 0.029724
0 0.20752 1.426758
0.000978 1 -0.000001
0 0 0 0
0.052246 0.081055
-0.063232 0.20752 -1.426758
0.000978 1 -0.000001
0 0 0 0
0.911499 0.033691
-0.063232 0.20752 1.426758
0.000978 1 -0.000001
0 0 0 0
0.052246 0.033691
0 0.20752 -1.426758
0.000978 1 -0.000001
0 0 0 0
0.911499 0.081055
0.019775 0.033691 -1.426758
0.001382 0.001382 -0.999998
0 0 0 0
0.086731 0.056335
0.063232 0.033691 -1.426758
0.001382 0.001382 -0.999998
0 0 0 0
0.086731 0.040405
0.063232 0 -1.426758
0.001382 0.001382 -0.999998
0 0 0 0
0.099121 0.040405
0 0 -1.426758
0.001382 0.001382 -0.999998
0 0 0 0
0.099121 0.063416
0 0.033691 -1.426758
0.001382 0.001382 -0.999998
0 0 0 0
0.086731 0.063904
0 0.173828 -1.426758
0.001382 0.001382 -0.999998
0 0 0 0
0.035034 0.063416
0.019775 0.173828 -1.426758
0.001382 0.001382 -0.999998
0 0 0 0
0.035034 0.056335
0 0.20752 -1.426758
0.001382 0.001382 -0.999998
0 0 0 0
0.022644 0.063416
0.063232 0.20752 -1.426758
0.001382 0.001382 -0.999998
0 0 0 0
0.022644 0.040405
0.063232 0.173828 -1.426758
0.001382 0.001382 -0.999998
0 0 0 0
0.035034 0.040405
0.063232 0.033691 1.426758
1 0.000978 -0.000001
0 0 0 0
0.052246 0.033691
0.063232 0 -1.426758
1 0.000978 -0.000001
0 0 0 0
0.911499 0.081055
0.063232 0.033691 -1.426758
1 0.000978 -0.000001
0 0 0 0
0.911499 0.033691
0.063232 0 1.426758
1 0.000978 -0.000001
0 0 0 0
0.052246 0.081055
0.019775 0.033691 1.426758
0.000978 1 -0.000001
0 0 0 0
0.911499 0.081055
0.063232 0.033691 1.426758
0.000978 1 -0.000001
0 0 0 0
0.911499 0.033691
0.063232 0.033691 -1.426758
0.000978 1 -0.000001
0 0 0 0
0.052246 0.033691
0.019775 0.033691 -1.426758
0.000978 1 -0.000001
0 0 0 0
0.052246 0.081055
0.019775 0.173828 -1.426758
1 0.000978 -0.000001
0 0 0 0
-0.50293 0.03595
0.019775 0.033691 1.426758
1 0.000978 -0.000001
0 0 0 0
-0.032593 0.087708
0.019775 0.033691 -1.426758
1 0.000978 -0.000001
0 0 0 0
-0.50293 0.087708
0.019775 0.173828 1.426758
1 0.000978 -0.000001
0 0 0 0
-0.032593 0.03595
0 0 -1.426758
0.000978 -1 -0.000001
0 0 0 0
0.001526 0.029724
0.063232 0 -1.426758
0.000978 -1 -0.000001
0 0 0 0
0.001526 0.001526
0.063232 0 1.426758
0.000978 -1 -0.000001
0 0 0 0
0.737488 0.001526
0 0 1.426758
0.000978 -1 -0.000001
0 0 0 0
0.737488 0.029724
0.019775 0.033691 1.426758
0.001382 0.001382 0.999998
0 0 0 0
0.03064 0.057739
0.063232 0 1.426758
0.001382 0.001382 0.999998
0 0 0 0
0.024048 0.049316
0.063232 0.033691 1.426758
0.001382 0.001382 0.999998
0 0 0 0
0.03064 0.049316
0 0 1.426758
0.001382 0.001382 0.999998
0 0 0 0
0.024048 0.061523
0 0.033691 1.426758
0.001382 0.001382 0.999998
0 0 0 0
0.03064 0.061523
0.019775 0.173828 1.426758
0.001382 0.001382 0.999998
0 0 0 0
0.058044 0.057739
0 0.173828 1.426758
0.001382 0.001382 0.999998
0 0 0 0
0.058044 0.061523
0 0.20752 1.426758
0.001382 0.001382 0.999998
0 0 0 0
0.064575 0.061523
0.063232 0.20752 1.426758
0.001382 0.001382 0.999998
0 0 0 0
0.064575 0.049316
0.063232 0.173828 1.426758
0.001382 0.001382 0.999998
0 0 0 0
0.058044 0.049316
0.063232 0.173828 -1.426758
1 0.000978 -0.000001
0 0 0 0
0.911499 0.081055
0.063232 0.20752 1.426758
1 0.000978 -0.000001
0 0 0 0
0.052246 0.033691
0.063232 0.173828 1.426758
1 0.000978 -0.000001
0 0 0 0
0.052246 0.081055
0.063232 0.20752 -1.426758
1 0.000978 -0.000001
0 0 0 0
0.911499 0.033691
0.019775 0.173828 -1.426758
0.000978 -1 -0.000001
0 0 0 0
0.905212 0.001526
0.063232 0.173828 -1.426758
0.000978 -1 -0.000001
0 0 0 0
0.905212 0.029724
0.063232 0.173828 1.426758
0.000978 -1 -0.000001
0 0 0 0
0.048096 0.029724
0.019775 0.173828 1.426758
0.000978 -1 -0.000001
0 0 0 0
0.048096 0.001526
0 0.20752 1.426758
0.000978 1 -0.000001
0 0 0 0
0.052246 0.081055
0.063232 0.20752 1.426758
0.000978 1 -0.000001
0 0 0 0
0.052246 0.033691
0.063232 0.20752 -1.426758
0.000978 1 -0.000001
0 0 0 0
0.911499 0.033691
0 0.20752 -1.426758
0.000978 1 -0.000001
0 0 0 0
0.911499 0.081055
-1.90918 0.20874 -0.119629
0.001382 0.001382 0.999998
0 0 0 0
0.03479 0.029724
-1.999268 0.113037 -0.119629
0.001382 0.001382 0.999998
0 0 0 0
0.001526 0.001526
-1.90918 0.113037 -0.119629
0.001382 0.001382 0.999998
0 0 0 0
0.001526 0.029724
-1.999268 0.20874 -0.119629
0.001382 0.001382 0.999998
0 0 0 0
0.03479 0.001526
-1.90918 0.27417 -0.119629
0.001382 0.001382 0.999998
0 0 0 0
0.057434 0.029724
-1.999268 0.27417 -0.119629
0.001382 0.001382 0.999998
0 0 0 0
0.057434 0.001526
-1.90918 0.432617 -0.119629
0.001382 0.001382 0.999998
0 0 0 0
0.112427 0.029724
-1.999268 0.432617 -0.119629
0.001382 0.001382 0.999998
0 0 0 0
0.112427 0.001526
-1.90918 0.517822 -0.119629
0.001382 0.001382 0.999998
0 0 0 0
0.141968 0.029724
-1.999268 0.517822 -0.119629
0.001382 0.001382 0.999998
0 0 0 0
0.141968 0.001526
-1.90918 0.726318 -0.119629
0.001382 0.001382 0.999998
0 0 0 0
0.214355 0.029724
-1.999268 0.726318 -0.119629
0.001382 0.001382 0.999998
0 0 0 0
0.214355 0.001526
-1.90918 0.80127 -0.119629
0.001382 0.001382 0.999998
0 0 0 0
0.240295 0.029724
-1.999268 0.80127 -0.119629
0.001382 0.001382 0.999998
0 0 0 0
0.240295 0.001526
-1.90918 0.987549 -0.119629
0.001382 0.001382 0.999998
0 0 0 0
0.304932 0.029724
-1.999268 0.987549 -0.119629
0.001382 0.001382 0.999998
0 0 0 0
0.304871 0.001526
-1.90918 1.065186 -0.119629
0.001382 0.001382 0.999998
0 0 0 0
0.331909 0.029724
-1.999268 1.065186 -0.119629
0.001382 0.001382 0.999998
0 0 0 0
0.331909 0.001526
-1.90918 1.224121 -0.119629
0.001382 0.001382 0.999998
0 0 0 0
0.387024 0.029724
-1.999268 1.224121 -0.119629
0.001382 0.001382 0.999998
0 0 0 0
0.387024 0.001526
-1.999268 0.20874 -0.119629
-1 0.000978 -0.000001
0 0 0 0
-0.378296 0.029724
-1.999268 0.113037 -0.177002
-1 0.000978 -0.000001
0 0 0 0
-0.40332 0.001526
-1.999268 0.113037 -0.119629
-1 0.000978 -0.000001
0 0 0 0
-0.40332 0.029724
-1.999268 0.20874 -0.177002
-1 0.000978 -0.000001
0 0 0 0
-0.378296 0.001526
-1.999268 0.27417 -0.119629
-1 0.000978 -0.000001
0 0 0 0
-0.361267 0.029724
-1.999268 0.27417 -0.177002
-1 0.000978 -0.000001
0 0 0 0
-0.361267 0.001526
-1.999268 0.432617 -0.119629
-1 0.000978 -0.000001
0 0 0 0
-0.320007 0.029724
-1.999268 0.432617 -0.177002
-1 0.000978 -0.000001
0 0 0 0
-0.320007 0.001526
-1.999268 0.517822 -0.119629
-1 0.000978 -0.000001
0 0 0 0
-0.297852 0.029724
-1.999268 0.517822 -0.177002
-1 0.000978 -0.000001
0 0 0 0
-0.297852 0.001526
-1.999268 0.726318 -0.119629
-1 0.000978 -0.000001
0 0 0 0
-0.243469 0.029724
-1.999268 0.726318 -0.177002
-1 0.000978 -0.000001
0 0 0 0
-0.243469 0.001526
-1.999268 0.80127 -0.119629
-1 0.000978 -0.000001
0 0 0 0
-0.223999 0.029724
-1.999268 0.80127 -0.177002
-1 0.000978 -0.000001
0 0 0 0
-0.223999 0.001526
-1.999268 0.987549 -0.119629
-1 0.000978 -0.000001
0 0 0 0
-0.175476 0.029724
-1.999268 0.987549 -0.177002
-1 0.000978 -0.000001
0 0 0 0
-0.175476 0.001526
-1.999268 1.065186 -0.119629
-1 0.000978 -0.000001
0 0 0 0
-0.155212 0.029724
-1.999268 1.065186 -0.177002
-1 0.000978 -0.000001
0 0 0 0
-0.155212 0.001526
-1.999268 1.224121 -0.119629
-1 0.000978 -0.000001
0 0 0 0
-0.11377 0.029724
-1.999268 1.224121 -0.177002
-1 0.000978 -0.000001
0 0 0 0
-0.11377 0.001526
-1.90918 0.27417 -0.177002
0.001382 0.001382 -0.999998
0 0 0 0
0.019287 0.001526
-1.999268 0.27417 -0.177002
0.001382 0.001382 -0.999998
0 0 0 0
0.001526 0.001526
-1.999268 0.432617 -0.177002
0.001382 0.001382 -0.999998
0 0 0 0
0.001526 0.029724
-1.90918 0.432617 -0.177002
0.001382 0.001382 -0.999998
0 0 0 0
0.019287 0.029724
1.909424 0.27417 -0.177002
0.001382 0.001382 -0.999998
0 0 0 0
0.772766 0.001526
1.909424 0.432617 -0.177002
0.001382 0.001382 -0.999998
0 0 0 0
0.772766 0.029724
2.000732 0.27417 -0.177002
0.001382 0.001382 -0.999998
0 0 0 0
0.79071 0.001526
2.000732 0.432617 -0.177002
0.001382 0.001382 -0.999998
0 0 0 0
0.79071 0.029724
-1.999268 0.20874 -0.177002
-1 0.000978 -0.000001
0 0 0 0
0.056519 0.029724
-1.999268 0.27417 -0.177002
-1 0.000978 -0.000001
0 0 0 0
0.070618 0.029724
-1.999268 0.27417 -0.25
-1 0.000978 -0.000001
0 0 0 0
0.070618 0.001526
-1.999268 0.20874 -0.25
-1 0.000978 -0.000001
0 0 0 0
0.056519 0.001526
-1.999268 0.113037 -0.25
-1 0.000978 -0.000001
0 0 0 0
0.035828 0.001526
-1.999268 0.113037 -0.177002
-1 0.000978 -0.000001
0 0 0 0
0.035828 0.029724
-1.999268 0.27417 -0.177002
0.000978 1 -0.000001
0 0 0 0
0.070618 0.029724
-1.90918 0.27417 -0.25
0.000978 1 -0.000001
0 0 0 0
0.090088 0.001526
-1.999268 0.27417 -0.25
0.000978 1 -0.000001
0 0 0 0
0.070618 0.001526
-1.90918 0.27417 -0.177002
0.000978 1 -0.000001
0 0 0 0
0.090088 0.029724
1.909424 0.27417 -0.177002
0.000978 1 -0.000001
0 0 0 0
0.914368 0.029724
1.909424 0.27417 -0.25
0.000978 1 -0.000001
0 0 0 0
0.914368 0.001526
2.000732 0.27417 -0.177002
0.000978 1 -0.000001
0 0 0 0
0.934082 0.029724
2.000732 0.27417 -0.25
0.000978 1 -0.000001
0 0 0 0
0.934082 0.001526
-1.90918 1.224121 -0.177002
0.000978 1 -0.000001
0 0 0 0
-0.090332 0.001526
-1.999268 1.224121 -0.177002
0.000978 1 -0.000001
0 0 0 0
-0.11377 0.001526
-1.999268 1.224121 -0.119629
0.000978 1 -0.000001
0 0 0 0
-0.11377 0.029724
-1.90918 1.224121 -0.119629
0.000978 1 -0.000001
0 0 0 0
-0.090332 0.029724
-1.90918 1.065186 -0.177002
0.001382 0.001382 -0.999998
0 0 0 0
0.045776 0.001526
-1.999268 1.065186 -0.177002
0.001382 0.001382 -0.999998
0 0 0 0
0.024475 0.001526
-1.999268 1.224121 -0.177002
0.001382 0.001382 -0.999998
0 0 0 0
0.024475 0.029724
-1.90918 1.224121 -0.177002
0.001382 0.001382 -0.999998
0 0 0 0
0.045776 0.029724
1.909424 1.065186 -0.177002
0.001382 0.001382 -0.999998
0 0 0 0
0.950073 0.001526
1.909424 1.224121 -0.177002
0.001382 0.001382 -0.999998
0 0 0 0
0.950073 0.029724
2.000732 1.065186 -0.177002
0.001382 0.001382 -0.999998
0 0 0 0
0.97168 0.001526
2.000732 1.224121 -0.177002
0.001382 0.001382 -0.999998
0 0 0 0
0.97168 0.029724
-1.90918 0.80127 -0.177002
0.001382 0.001382 -0.999998
0 0 0 0
0.066101 0.029724
-1.999268 0.80127 -0.177002
0.001382 0.001382 -0.999998
0 0 0 0
0.066101 0.001526
-1.999268 0.987549 -0.177002
0.001382 0.001382 -0.999998
0 0 0 0
0.001526 0.001526
-1.90918 0.987549 -0.177002
0.001382 0.001382 -0.999998
0 0 0 0
0.001526 0.029724
-1.90918 0.987549 -0.177002
0.000978 -1 -0.000001
0 0 0 0
0.100159 0.01709
-1.999268 0.987549 -0.177002
0.000978 -1 -0.000001
0 0 0 0
0.082581 0.01709
-1.999268 0.987549 -0.217529
0.000978 -1 -0.000001
0 0 0 0
0.082581 0.026855
-1.90918 0.987549 -0.217529
0.000978 -1 -0.000001
0 0 0 0
0.100159 0.026855
1.909424 0.987549 -0.177002
0.000978 -1 -0.000001
0 0 0 0
0.846008 0.01709
1.909424 0.987549 -0.217529
0.000978 -1 -0.000001
0 0 0 0
0.846008 0.026855
2.000732 0.987549 -0.177002
0.000978 -1 -0.000001
0 0 0 0
0.863831 0.01709
2.000732 0.987549 -0.217529
0.000978 -1 -0.000001
0 0 0 0
0.863831 0.026855
1.909424 0.987549 -0.119629
0.000978 -1 -0.000001
0 0 0 0
0.846008 0.003296
-1.90918 0.987549 -0.119629
0.000978 -1 -0.000001
0 0 0 0
0.100159 0.003296
-1.999268 0.987549 -0.177002
-1 0.000978 -0.000001
0 0 0 0
0.017822 0.029724
-1.999268 1.065186 -0.177002
-1 0.000978 -0.000001
0 0 0 0
0.017822 0.001526
-1.999268 1.065186 -0.217529
-1 0.000978 -0.000001
0 0 0 0
0.001526 0.001526
-1.999268 0.987549 -0.217529
-1 0.000978 -0.000001
0 0 0 0
0.001526 0.029724
-1.90918 0.987549 -0.217529
0.001382 0.001382 -0.999998
0 0 0 0
0.0401 0.001526
-1.999268 0.987549 -0.217529
0.001382 0.001382 -0.999998
0 0 0 0
0.01825 0.001526
-1.999268 1.065186 -0.217529
0.001382 0.001382 -0.999998
0 0 0 0
0.01825 0.029724
-1.90918 1.065186 -0.217529
0.001382 0.001382 -0.999998
0 0 0 0
0.0401 0.029724
1.909424 0.987549 -0.217529
0.001382 0.001382 -0.999998
0 0 0 0
0.966492 0.001526
1.909424 1.065186 -0.217529
0.001382 0.001382 -0.999998
0 0 0 0
0.966492 0.029724
2.000732 0.987549 -0.217529
0.001382 0.001382 -0.999998
0 0 0 0
0.988647 0.001526
2.000732 1.065186 -0.217529
0.001382 0.001382 -0.999998
0 0 0 0
0.988647 0.029724
-1.999268 1.065186 -0.177002
0.000978 1 -0.000001
0 0 0 0
0.031006 0.029724
-1.90918 1.065186 -0.217529
0.000978 1 -0.000001
0 0 0 0
0.052246 0.001526
-1.999268 1.065186 -0.217529
0.000978 1 -0.000001
0 0 0 0
0.031006 0.001526
-1.90918 1.065186 -0.177002
0.000978 1 -0.000001
0 0 0 0
0.052246 0.029724
1.909424 1.065186 -0.177002
0.000978 1 -0.000001
0 0 0 0
0.953064 0.029724
1.909424 1.065186 -0.217529
0.000978 1 -0.000001
0 0 0 0
0.953064 0.001526
2.000732 1.065186 -0.177002
0.000978 1 -0.000001
0 0 0 0
0.974548 0.029724
2.000732 1.065186 -0.217529
0.000978 1 -0.000001
0 0 0 0
0.974548 0.001526
-1.90918 0.517822 -0.177002
0.001382 0.001382 -0.999998
0 0 0 0
0.073853 0.029724
-1.999268 0.517822 -0.177002
0.001382 0.001382 -0.999998
0 0 0 0
0.073853 0.001526
-1.999268 0.726318 -0.177002
0.001382 0.001382 -0.999998
0 0 0 0
0.001526 0.001526
-1.90918 0.726318 -0.177002
0.001382 0.001382 -0.999998
0 0 0 0
0.001526 0.029724
-1.90918 0.726318 -0.177002
0.000978 -1 -0.000001
0 0 0 0
0.039917 0.017517
-1.999268 0.726318 -0.177002
0.000978 -1 -0.000001
0 0 0 0
0.018311 0.017517
-1.999268 0.726318 -0.217529
0.000978 -1 -0.000001
0 0 0 0
0.018311 0.027588
-1.90918 0.726318 -0.217529
0.000978 -1 -0.000001
0 0 0 0
0.039917 0.027588
1.909424 0.726318 -0.177002
0.000978 -1 -0.000001
0 0 0 0
0.954773 0.017517
1.909424 0.726318 -0.217529
0.000978 -1 -0.000001
0 0 0 0
0.954773 0.027588
2.000732 0.726318 -0.177002
0.000978 -1 -0.000001
0 0 0 0
0.976624 0.017517
2.000732 0.726318 -0.217529
0.000978 -1 -0.000001
0 0 0 0
0.976624 0.027588
1.909424 0.726318 -0.119629
0.000978 -1 -0.000001
0 0 0 0
0.954773 0.003235
-1.90918 0.726318 -0.119629
0.000978 -1 -0.000001
0 0 0 0
0.039917 0.003235
-1.999268 0.726318 -0.177002
-1 0.000978 -0.000001
0 0 0 0
0.018433 0.029724
-1.999268 0.80127 -0.177002
-1 0.000978 -0.000001
0 0 0 0
0.018433 0.001526
-1.999268 0.80127 -0.217529
-1 0.000978 -0.000001
0 0 0 0
0.001526 0.001526
-1.999268 0.726318 -0.217529
-1 0.000978 -0.000001
0 0 0 0
0.001526 0.029724
-1.90918 0.726318 -0.217529
0.001382 0.001382 -0.999998
0 0 0 0
0.036011 0.001526
-1.999268 0.726318 -0.217529
0.001382 0.001382 -0.999998
0 0 0 0
0.014404 0.001526
-1.999268 0.80127 -0.217529
0.001382 0.001382 -0.999998
0 0 0 0
0.014404 0.029724
-1.90918 0.80127 -0.217529
0.001382 0.001382 -0.999998
0 0 0 0
0.036011 0.029724
1.909424 0.726318 -0.217529
0.001382 0.001382 -0.999998
0 0 0 0
0.950684 0.001526
1.909424 0.80127 -0.217529
0.001382 0.001382 -0.999998
0 0 0 0
0.950684 0.029724
2.000732 0.726318 -0.217529
0.001382 0.001382 -0.999998
0 0 0 0
0.972534 0.001526
2.000732 0.80127 -0.217529
0.001382 0.001382 -0.999998
0 0 0 0
0.972534 0.029724
-1.999268 0.80127 -0.177002
0.000978 1 -0.000001
0 0 0 0
0.027649 0.013977
-1.90918 0.80127 -0.217529
0.000978 1 -0.000001
0 0 0 0
0.049255 0.003906
-1.999268 0.80127 -0.217529
0.000978 1 -0.000001
0 0 0 0
0.027649 0.003906
-1.90918 0.80127 -0.177002
0.000978 1 -0.000001
0 0 0 0
0.049255 0.013977
1.909424 0.80127 -0.177002
0.000978 1 -0.000001
0 0 0 0
0.964111 0.013977
1.909424 0.80127 -0.217529
0.000978 1 -0.000001
0 0 0 0
0.964111 0.003906
2.000732 0.80127 -0.177002
0.000978 1 -0.000001
0 0 0 0
0.985962 0.013977
2.000732 0.80127 -0.217529
0.000978 1 -0.000001
0 0 0 0
0.985962 0.003906
-1.90918 0.80127 -0.119629
0.000978 1 -0.000001
0 0 0 0
0.049255 0.028259
1.909424 0.80127 -0.119629
0.000978 1 -0.000001
0 0 0 0
0.964111 0.028259
-1.90918 0.432617 -0.177002
0.000978 -1 -0.000001
0 0 0 0
0.042603 0.00177
-1.999268 0.432617 -0.177002
0.000978 -1 -0.000001
0 0 0 0
0.021912 0.00177
-1.999268 0.432617 -0.217529
0.000978 -1 -0.000001
0 0 0 0
0.021912 0.011902
-1.90918 0.432617 -0.217529
0.000978 -1 -0.000001
0 0 0 0
0.042603 0.011902
1.909424 0.432617 -0.177002
0.000978 -1 -0.000001
0 0 0 0
0.92157 0.00177
1.909424 0.432617 -0.217529
0.000978 -1 -0.000001
0 0 0 0
0.92157 0.011902
2.000732 0.432617 -0.177002
0.000978 -1 -0.000001
0 0 0 0
0.942505 0.00177
2.000732 0.432617 -0.217529
0.000978 -1 -0.000001
0 0 0 0
0.942505 0.011902
-1.999268 0.432617 -0.177002
-1 0.000978 -0.000001
0 0 0 0
0.016357 0.029724
-1.999268 0.517822 -0.177002
-1 0.000978 -0.000001
0 0 0 0
0.016357 0.001526
-1.999268 0.517822 -0.217529
-1 0.000978 -0.000001
0 0 0 0
0.001526 0.001526
-1.999268 0.432617 -0.217529
-1 0.000978 -0.000001
0 0 0 0
0.001526 0.029724
-1.90918 0.432617 -0.217529
0.001382 0.001382 -0.999998
0 0 0 0
0.048096 0.001526
-1.999268 0.432617 -0.217529
0.001382 0.001382 -0.999998
0 0 0 0
0.026917 0.001526
-1.999268 0.517822 -0.217529
0.001382 0.001382 -0.999998
0 0 0 0
0.026917 0.029724
-1.90918 0.517822 -0.217529
0.001382 0.001382 -0.999998
0 0 0 0
0.048096 0.029724
1.909424 0.432617 -0.217529
0.001382 0.001382 -0.999998
0 0 0 0
0.947021 0.001526
1.909424 0.517822 -0.217529
0.001382 0.001382 -0.999998
0 0 0 0
0.947021 0.029724
2.000732 0.432617 -0.217529
0.001382 0.001382 -0.999998
0 0 0 0
0.968506 0.001526
2.000732 0.517822 -0.217529
0.001382 0.001382 -0.999998
0 0 0 0
0.968506 0.029724
-1.999268 0.517822 -0.177002
0.000978 1 -0.000001
0 0 0 0
0.023315 0.012329
-1.90918 0.517822 -0.217529
0.000978 1 -0.000001
0 0 0 0
0.044983 0.002258
-1.999268 0.517822 -0.217529
0.000978 1 -0.000001
0 0 0 0
0.023315 0.002258
-1.90918 0.517822 -0.177002
0.000978 1 -0.000001
0 0 0 0
0.044983 0.012329
1.909424 0.517822 -0.177002
0.000978 1 -0.000001
0 0 0 0
0.964722 0.012329
1.909424 0.517822 -0.217529
0.000978 1 -0.000001
0 0 0 0
0.964722 0.002258
2.000732 0.517822 -0.177002
0.000978 1 -0.000001
0 0 0 0
0.986633 0.012329
2.000732 0.517822 -0.217529
0.000978 1 -0.000001
0 0 0 0
0.986633 0.002258
-1.90918 0.517822 -0.119629
0.000978 1 -0.000001
0 0 0 0
0.044983 0.026611
1.909424 0.517822 -0.119629
0.000978 1 -0.000001
0 0 0 0
0.964722 0.026611
-1.999268 0.27417 -0.25
0.000978 1 -0.000001
0 0 0 0
-0.627625 0.029724
-1.90918 0.27417 -0.25
0.000978 1 -0.000001
0 0 0 0
-0.627625 0.001526
-1.90918 0.27417 -1.318848
0.000978 1 -0.000001
0 0 0 0
-0.998474 0.001526
-1.999268 0.27417 -1.318848
0.000978 1 -0.000001
0 0 0 0
-0.998474 0.029724
-1.999268 0.20874 -0.25
-1 0.000978 -0.000001
0 0 0 0
0.51239 0.029724
-1.999268 0.27417 -0.25
-1 0.000978 -0.000001
0 0 0 0
0.51239 0.001526
-1.999268 0.27417 -1.318848
-1 0.000978 -0.000001
0 0 0 0
0.001526 0.001526
-1.999268 0.20874 -1.318848
-1 0.000978 -0.000001
0 0 0 0
0.001526 0.029724
-1.90918 0.113037 -0.119629
0.000978 -1 -0.000001
0 0 0 0
-0.426758 0.029724
-1.999268 0.113037 -0.119629
0.000978 -1 -0.000001
0 0 0 0
-0.40332 0.029724
-1.999268 0.113037 -0.177002
0.000978 -1 -0.000001
0 0 0 0
-0.40332 0.001526
-1.90918 0.113037 -0.177002
0.000978 -1 -0.000001
0 0 0 0
-0.426758 0.001526
-1.90918 0.113037 -0.177002
0.000978 -1 -0.000001
0 0 0 0
0.016357 0.029724
-1.999268 0.113037 -0.177002
0.000978 -1 -0.000001
0 0 0 0
0.035828 0.029724
-1.999268 0.113037 -0.25
0.000978 -1 -0.000001
0 0 0 0
0.035828 0.001526
-1.90918 0.113037 -0.25
0.000978 -1 -0.000001
0 0 0 0
0.016357 0.001526
-1.90918 0.20874 -0.25
0.000978 -1 -0.000001
0 0 0 0
-0.627625 0.029724
-1.999268 0.20874 -0.25
0.000978 -1 -0.000001
0 0 0 0
-0.627625 0.001526
-1.999268 0.20874 -1.318848
0.000978 -1 -0.000001
0 0 0 0
-0.998474 0.001526
-1.90918 0.20874 -1.318848
0.000978 -1 -0.000001
0 0 0 0
-0.998474 0.029724
-1.999268 0.20874 -0.25
-0.001382 0.001382 -0.999998
0 0 0 0
-0.998474 0.029724
-1.90918 0.113037 -0.25
0.001382 0.001382 -0.999998
0 0 0 0
-0.969116 0.001526
-1.999268 0.113037 -0.25
-0.001382 0.001382 -0.999998
0 0 0 0
-0.998474 0.001526
-1.90918 0.20874 -0.25
0.001382 0.001382 -0.999998
0 0 0 0
-0.969116 0.029724
1.909424 0.20874 -0.25
0.001382 0.001382 -0.999998
0 0 0 0
0.275452 0.029724
1.909424 0.113037 -0.25
0.001382 0.001382 -0.999998
0 0 0 0
0.275452 0.001526
2.000732 0.20874 -0.25
0.001382 0.001382 -0.999998
0 0 0 0
0.305176 0.029724
2.000732 0.113037 -0.25
0.001382 0.001382 -0.999998
0 0 0 0
0.305176 0.001526
2.000732 0.20874 -0.177002
1 0.000978 -0.000001
0 0 0 0
-0.188538 0.001526
2.000732 0.113037 -0.119629
1 0.000978 -0.000001
0 0 0 0
-0.163574 0.029724
2.000732 0.113037 -0.177002
1 0.000978 -0.000001
0 0 0 0
-0.163574 0.001526
2.000732 0.20874 -0.119629
1 0.000978 -0.000001
0 0 0 0
-0.188538 0.029724
2.000732 0.27417 -0.177002
1 0.000978 -0.000001
0 0 0 0
-0.205566 0.001526
2.000732 0.27417 -0.119629
1 0.000978 -0.000001
0 0 0 0
-0.205566 0.029724
2.000732 0.432617 -0.177002
1 0.000978 -0.000001
0 0 0 0
-0.246826 0.001526
2.000732 0.432617 -0.119629
1 0.000978 -0.000001
0 0 0 0
-0.246826 0.029724
2.000732 0.517822 -0.177002
1 0.000978 -0.000001
0 0 0 0
-0.269043 0.001526
2.000732 0.517822 -0.119629
1 0.000978 -0.000001
0 0 0 0
-0.269043 0.029724
2.000732 0.726318 -0.177002
1 0.000978 -0.000001
0 0 0 0
-0.323364 0.001526
2.000732 0.726318 -0.119629
1 0.000978 -0.000001
0 0 0 0
-0.323364 0.029724
2.000732 0.80127 -0.177002
1 0.000978 -0.000001
0 0 0 0
-0.342896 0.001526
2.000732 0.80127 -0.119629
1 0.000978 -0.000001
0 0 0 0
-0.342896 0.029724
2.000732 0.987549 -0.177002
1 0.000978 -0.000001
0 0 0 0
-0.391418 0.001526
2.000732 0.987549 -0.119629
1 0.000978 -0.000001
0 0 0 0
-0.391418 0.029724
2.000732 1.065186 -0.177002
1 0.000978 -0.000001
0 0 0 0
-0.411682 0.001526
2.000732 1.065186 -0.119629
1 0.000978 -0.000001
0 0 0 0
-0.411682 0.029724
2.000732 1.224121 -0.177002
1 0.000978 -0.000001
0 0 0 0
-0.453064 0.001526
2.000732 1.224121 -0.119629
1 0.000978 -0.000001
0 0 0 0
-0.453064 0.029724
2.000732 0.27417 -0.177002
1 0.000978 -0.000001
0 0 0 0
0.934082 0.029724
2.000732 0.20874 -0.25
1 0.000978 -0.000001
0 0 0 0
0.948181 0.001526
2.000732 0.27417 -0.25
1 0.000978 -0.000001
0 0 0 0
0.934082 0.001526
2.000732 0.20874 -0.177002
1 0.000978 -0.000001
0 0 0 0
0.948181 0.029724
2.000732 0.113037 -0.177002
1 0.000978 -0.000001
0 0 0 0
0.968872 0.029724
2.000732 0.113037 -0.25
1 0.000978 -0.000001
0 0 0 0
0.968872 0.001526
-1.999268 0.20874 -1.318848
-1 0.000978 -0.000001
0 0 0 0
-0.15564 0.029724
-1.999268 0.113037 -1.375
-1 0.000978 -0.000001
0 0 0 0
-0.174194 0.001526
-1.999268 0.113037 -1.318848
-1 0.000978 -0.000001
0 0 0 0
-0.174194 0.029724
-1.999268 0.20874 -1.375
-1 0.000978 -0.000001
0 0 0 0
-0.15564 0.001526
1.9375 0.27417 0.23291
0.000978 1 -0.000001
0 0 0 0
-0.627625 0.029724
1.847412 0.27417 0.23291
0.000978 1 -0.000001
0 0 0 0
-0.627625 0.001526
1.847412 0.27417 1.301758
0.000978 1 -0.000001
0 0 0 0
-0.998474 0.001526
1.9375 0.27417 1.301758
0.000978 1 -0.000001
0 0 0 0
-0.998474 0.029724
1.9375 0.20874 0.23291
1 0.000978 -0.000001
0 0 0 0
0.51239 0.029724
1.9375 0.27417 0.23291
1 0.000978 -0.000001
0 0 0 0
0.51239 0.001526
1.9375 0.27417 1.301758
1 0.000978 -0.000001
0 0 0 0
0.001526 0.001526
1.9375 0.20874 1.301758
1 0.000978 -0.000001
0 0 0 0
0.001526 0.029724
1.847412 0.113037 0.102539
0.000978 -1 -0.000001
0 0 0 0
-0.426758 0.029724
1.9375 0.113037 0.102539
0.000978 -1 -0.000001
0 0 0 0
-0.40332 0.029724
1.9375 0.113037 0.159912
0.000978 -1 -0.000001
0 0 0 0
-0.40332 0.001526
1.847412 0.113037 0.159912
0.000978 -1 -0.000001
0 0 0 0
-0.426758 0.001526
1.847412 0.113037 0.159912
0.000978 -1 -0.000001
0 0 0 0
0.016357 0.029724
1.9375 0.113037 0.159912
0.000978 -1 -0.000001
0 0 0 0
0.035828 0.029724
1.9375 0.113037 0.23291
0.000978 -1 -0.000001
0 0 0 0
0.035828 0.001526
1.847412 0.113037 0.23291
0.000978 -1 -0.000001
0 0 0 0
0.016357 0.001526
1.847412 0.20874 0.23291
-0.000977 -1 -0.000001
0 0 0 0
-0.627625 0.029724
1.9375 0.20874 0.23291
-0.000977 -1 -0.000001
0 0 0 0
-0.627625 0.001526
1.9375 0.20874 1.301758
-0.000977 -1 -0.000001
0 0 0 0
-0.998474 0.001526
1.847412 0.20874 1.301758
-0.000977 -1 -0.000001
0 0 0 0
-0.998474 0.029724
1.9375 0.20874 0.23291
0.001382 0.001382 0.999998
0 0 0 0
-0.998474 0.029724
1.847412 0.113037 0.23291
0.001382 0.001382 0.999998
0 0 0 0
-0.969116 0.001526
1.9375 0.113037 0.23291
0.001382 0.001382 0.999998
0 0 0 0
-0.998474 0.001526
1.847412 0.20874 0.23291
0.001382 0.001382 0.999998
0 0 0 0
-0.969116 0.029724
-1.971436 0.20874 0.23291
0.001382 0.001382 0.999998
0 0 0 0
0.275452 0.029724
-1.971436 0.113037 0.23291
0.001382 0.001382 0.999998
0 0 0 0
0.275452 0.001526
-2.0625 0.20874 0.23291
0.001382 0.001382 0.999998
0 0 0 0
0.305176 0.029724
-2.0625 0.113037 0.23291
0.001382 0.001382 0.999998
0 0 0 0
0.305176 0.001526
-2.0625 0.20874 0.159912
-1 0.000978 -0.000001
0 0 0 0
-0.188538 0.001526
-2.0625 0.113037 0.102539
-1 0.000978 -0.000001
0 0 0 0
-0.163574 0.029724
-2.0625 0.113037 0.159912
-1 0.000978 -0.000001
0 0 0 0
-0.163574 0.001526
-2.0625 0.20874 0.102539
-1 0.000978 -0.000001
0 0 0 0
-0.188538 0.029724
-2.0625 0.27417 0.159912
-1 0.000978 -0.000001
0 0 0 0
-0.205566 0.001526
-2.0625 0.27417 0.102539
-1 0.000978 -0.000001
0 0 0 0
-0.205566 0.029724
-2.0625 0.432617 0.159912
-1 0.000978 -0.000001
0 0 0 0
-0.246826 0.001526
-2.0625 0.432617 0.102539
-1 0.000978 -0.000001
0 0 0 0
-0.246826 0.029724
-2.0625 0.517822 0.159912
-1 0.000978 -0.000001
0 0 0 0
-0.269043 0.001526
-2.0625 0.517822 0.102539
-1 0.000978 -0.000001
0 0 0 0
-0.269043 0.029724
-2.0625 0.726318 0.159912
-1 0.000978 -0.000001
0 0 0 0
-0.323364 0.001526
-2.0625 0.726318 0.102539
-1 0.000978 -0.000001
0 0 0 0
-0.323364 0.029724
-2.0625 0.80127 0.159912
-1 0.000978 -0.000001
0 0 0 0
-0.342896 0.001526
-2.0625 0.80127 0.102539
-1 0.000978 -0.000001
0 0 0 0
-0.342896 0.029724
-2.0625 0.987549 0.159912
-1 0.000978 -0.000001
0 0 0 0
-0.391418 0.001526
-2.0625 0.987549 0.102539
-1 0.000978 -0.000001
0 0 0 0
-0.391418 0.029724
-2.0625 1.065186 0.159912
-1 0.000978 -0.000001
0 0 0 0
-0.411682 0.001526
-2.0625 1.065186 0.102539
-1 0.000978 -0.000001
0 0 0 0
-0.411682 0.029724
-2.0625 1.224121 0.159912
-1 0.000978 -0.000001
0 0 0 0
-0.453064 0.001526
-2.0625 1.224121 0.102539
-1 0.000978 -0.000001
0 0 0 0
-0.453064 0.029724
-2.0625 0.27417 0.159912
-1 0.000978 -0.000001
0 0 0 0
0.934082 0.029724
-2.0625 0.20874 0.23291
-1 0.000978 -0.000001
0 0 0 0
0.948181 0.001526
-2.0625 0.27417 0.23291
-1 0.000978 -0.000001
0 0 0 0
0.934082 0.001526
-2.0625 0.20874 0.159912
-1 0.000978 -0.000001
0 0 0 0
0.948181 0.029724
-2.0625 0.113037 0.159912
-1 0.000978 -0.000001
0 0 0 0
0.968872 0.029724
-2.0625 0.113037 0.23291
-1 0.000978 -0.000001
0 0 0 0
0.968872 0.001526
1.9375 0.20874 1.301758
1 0.000978 -0.000001
0 0 0 0
-0.15564 0.029724
1.9375 0.113037 1.35791
1 0.000978 -0.000001
0 0 0 0
-0.174194 0.001526
1.9375 0.113037 1.301758
1 0.000978 -0.000001
0 0 0 0
-0.174194 0.029724
1.9375 0.20874 1.35791
1 0.000978 -0.000001
0 0 0 0
-0.15564 0.001526
1.9375 0.27417 1.35791
1 0.000978 -0.000001
0 0 0 0
-0.142944 0.001526
1.9375 0.27417 1.301758
1 0.000978 -0.000001
0 0 0 0
-0.142944 0.029724
1.9375 0.370117 1.301758
1 0.000978 -0.000001
0 0 0 0
-0.124451 0.029724
1.9375 0.370117 1.35791
1 0.000978 -0.000001
0 0 0 0
-0.124451 0.001526
1.9375 0.27417 1.301758
0.001382 0.001382 -0.999998
0 0 0 0
-0.998474 0.029724
1.847412 0.370117 1.301758
0.001382 0.001382 -0.999998
0 0 0 0
-0.969116 0.001526
1.9375 0.370117 1.301758
0.001382 0.001382 -0.999998
0 0 0 0
-0.998474 0.001526
1.847412 0.27417 1.301758
0.001382 0.001382 -0.999998
0 0 0 0
-0.969116 0.029724
-1.971436 0.27417 1.301758
0.001382 0.001382 -0.999998
0 0 0 0
0.275452 0.029724
-1.971436 0.370117 1.301758
0.001382 0.001382 -0.999998
0 0 0 0
0.275452 0.001526
-2.0625 0.27417 1.301758
0.001382 0.001382 -0.999998
0 0 0 0
0.305176 0.029724
-2.0625 0.370117 1.301758
0.001382 0.001382 -0.999998
0 0 0 0
0.305176 0.001526
1.9375 0.20874 1.35791
0.001382 0.001382 0.999998
0 0 0 0
0.972412 0.170959
1.847412 0.113037 1.35791
0.001382 0.001382 0.999998
0 0 0 0
0.951172 0.213196
1.9375 0.113037 1.35791
0.001382 0.001382 0.999998
0 0 0 0
0.972412 0.213196
1.847412 0.20874 1.35791
0.001382 0.001382 0.999998
0 0 0 0
0.951172 0.170959
1.9375 0.27417 1.35791
-0.001382 0.001382 0.999998
0 0 0 0
0.972412 0.140198
1.847412 0.27417 1.35791
0.001382 0.001382 0.999998
0 0 0 0
0.951172 0.140198
1.9375 0.370117 1.35791
-0.001382 0.001382 0.999998
0 0 0 0
0.972412 0.097961
1.847412 0.370117 1.35791
0.001382 0.001382 0.999998
0 0 0 0
0.951172 0.097961
-1.971436 0.27417 1.35791
0.001382 0.001382 0.999998
0 0 0 0
0.051147 0.140198
-1.971436 0.370117 1.35791
0.001382 0.001382 0.999998
0 0 0 0
0.051147 0.097961
-2.0625 0.27417 1.35791
0.001382 0.001382 0.999998
0 0 0 0
0.029602 0.140198
-2.0625 0.370117 1.35791
0.001382 0.001382 0.999998
0 0 0 0
0.029602 0.097961
-2.0625 0.20874 1.35791
0.001382 0.001382 0.999998
0 0 0 0
0.029602 0.170959
-1.971436 0.20874 1.35791
0.001382 0.001382 0.999998
0 0 0 0
0.051147 0.170959
-1.971436 0.113037 1.35791
0.001382 0.001382 0.999998
0 0 0 0
0.051147 0.213196
-2.0625 0.113037 1.35791
0.001382 0.001382 0.999998
0 0 0 0
0.029602 0.213196
1.9375 0.370117 1.301758
0.000978 1 -0.000001
0 0 0 0
-0.124451 0.029724
1.847412 0.370117 1.301758
0.000978 1 -0.000001
0 0 0 0
-0.106995 0.029724
1.847412 0.370117 1.35791
0.000978 1 -0.000001
0 0 0 0
-0.106995 0.001526
1.9375 0.370117 1.35791
0.000978 1 -0.000001
0 0 0 0
-0.124451 0.001526
1.847412 0.20874 1.301758
0.001382 0.001382 -0.999998
0 0 0 0
-0.969116 0.001526
1.9375 0.20874 1.301758
0.001382 0.001382 -0.999998
0 0 0 0
-0.998474 0.001526
1.9375 0.113037 1.301758
0.001382 0.001382 -0.999998
0 0 0 0
-0.998474 0.029724
1.847412 0.113037 1.301758
0.001382 0.001382 -0.999998
0 0 0 0
-0.969116 0.029724
-1.971436 0.20874 1.301758
0.001382 0.001382 -0.999998
0 0 0 0
0.275452 0.001526
-1.971436 0.113037 1.301758
0.001382 0.001382 -0.999998
0 0 0 0
0.275452 0.029724
-2.0625 0.20874 1.301758
0.001382 0.001382 -0.999998
0 0 0 0
0.305176 0.001526
-2.0625 0.113037 1.301758
0.001382 0.001382 -0.999998
0 0 0 0
0.305176 0.029724
1.847412 0.113037 1.301758
0.000978 -1 -0.000001
0 0 0 0
-0.191589 0.029724
1.9375 0.113037 1.301758
0.000978 -1 -0.000001
0 0 0 0
-0.174194 0.029724
1.9375 0.113037 1.35791
0.000978 -1 -0.000001
0 0 0 0
-0.174194 0.001526
1.847412 0.113037 1.35791
0.000978 -1 -0.000001
0 0 0 0
-0.191589 0.001526
-2.0625 0.27417 1.301758
-1 0.000978 -0.000001
0 0 0 0
0.885925 0.029724
-2.0625 0.370117 1.35791
-1 0.000978 -0.000001
0 0 0 0
0.867432 0.001526
-2.0625 0.370117 1.301758
-1 0.000978 -0.000001
0 0 0 0
0.867432 0.029724
-2.0625 0.27417 1.35791
-1 0.000978 -0.000001
0 0 0 0
0.885986 0.001526
-2.0625 0.20874 1.35791
-1 0.000978 -0.000001
0 0 0 0
0.898621 0.001526
-2.0625 0.20874 1.301758
-1 0.000978 -0.000001
0 0 0 0
0.898621 0.029724
-2.0625 0.113037 1.301758
-1 0.000978 -0.000001
0 0 0 0
0.917175 0.029724
-2.0625 0.113037 1.35791
-1 0.000978 -0.000001
0 0 0 0
0.917175 0.001526
-2.0625 0.113037 1.301758
0.000978 -1 -0.000001
0 0 0 0
0.009216 0.029724
-1.971436 0.113037 1.35791
0.000978 -1 -0.000001
0 0 0 0
0.026855 0.001526
-2.0625 0.113037 1.35791
0.000978 -1 -0.000001
0 0 0 0
0.009216 0.001526
-1.971436 0.113037 1.301758
0.000978 -1 -0.000001
0 0 0 0
0.026855 0.029724
1.847412 0.113037 1.35791
0.000978 -1 -0.000001
0 0 0 0
0.765564 0.001526
1.847412 0.113037 1.301758
0.000978 -1 -0.000001
0 0 0 0
0.765564 0.029724
-2.0625 0.27417 0.23291
-1 0.000978 -0.000001
0 0 0 0
0.001526 0.001526
-2.0625 0.20874 0.23291
-1 0.000978 -0.000001
0 0 0 0
0.001526 0.029724
-2.0625 0.20874 1.301758
-1 0.000978 -0.000001
0 0 0 0
0.51239 0.029724
-2.0625 0.27417 1.301758
-1 0.000978 -0.000001
0 0 0 0
0.51239 0.001526
-2.0625 0.20874 0.23291
0.000978 -1 -0.000001
0 0 0 0
0.367798 0.029724
-1.971436 0.20874 1.301758
0.000978 -1 -0.000001
0 0 0 0
0.001526 0.001526
-2.0625 0.20874 1.301758
0.000978 -1 -0.000001
0 0 0 0
0.001526 0.029724
-1.971436 0.20874 0.23291
0.000978 -1 -0.000001
0 0 0 0
0.367798 0.001526
-2.0625 0.113037 0.159912
0.000978 -1 -0.000001
0 0 0 0
0.015015 0.029724
-1.971436 0.113037 0.23291
0.000978 -1 -0.000001
0 0 0 0
0.036438 0.001526
-2.0625 0.113037 0.23291
0.000978 -1 -0.000001
0 0 0 0
0.015015 0.001526
-1.971436 0.113037 0.159912
0.000978 -1 -0.000001
0 0 0 0
0.036438 0.029724
1.847412 0.113037 0.23291
0.000978 -1 -0.000001
0 0 0 0
0.933105 0.001526
1.847412 0.113037 0.159912
0.000978 -1 -0.000001
0 0 0 0
0.933105 0.029724
-2.0625 0.113037 0.102539
0.000978 -1 -0.000001
0 0 0 0
0.012146 0.029724
-1.971436 0.113037 0.159912
0.000978 -1 -0.000001
0 0 0 0
0.034607 0.001526
-2.0625 0.113037 0.159912
0.000978 -1 -0.000001
0 0 0 0
0.012146 0.001526
-1.971436 0.113037 0.102539
0.000978 -1 -0.000001
0 0 0 0
0.034607 0.029724
1.847412 0.113037 0.159912
0.000978 -1 -0.000001
0 0 0 0
0.974182 0.001526
1.847412 0.113037 0.102539
0.000978 -1 -0.000001
0 0 0 0
0.974182 0.029724
-2.0625 0.20874 0.102539
0.001382 0.001382 -0.999998
0 0 0 0
0.034363 0.029724
-1.971436 0.113037 0.102539
0.001382 0.001382 -0.999998
0 0 0 0
0.001526 0.001526
-2.0625 0.113037 0.102539
0.001382 0.001382 -0.999998
0 0 0 0
0.001526 0.029724
-1.971436 0.20874 0.102539
0.001382 0.001382 -0.999998
0 0 0 0
0.034363 0.001526
-2.0625 0.27417 0.102539
0.001382 0.001382 -0.999998
0 0 0 0
0.056763 0.029724
-1.971436 0.27417 0.102539
0.001382 0.001382 -0.999998
0 0 0 0
0.056763 0.001526
-2.0625 0.432617 0.102539
0.001382 0.001382 -0.999998
0 0 0 0
0.111023 0.029724
-1.971436 0.432617 0.102539
0.001382 0.001382 -0.999998
0 0 0 0
0.111023 0.001526
-2.0625 0.517822 0.102539
0.001382 0.001382 -0.999998
0 0 0 0
0.140198 0.029724
-1.971436 0.517822 0.102539
0.001382 0.001382 -0.999998
0 0 0 0
0.140198 0.001526
-2.0625 0.726318 0.102539
0.001382 0.001382 -0.999998
0 0 0 0
0.211731 0.029724
-1.971436 0.726318 0.102539
0.001382 0.001382 -0.999998
0 0 0 0
0.211731 0.001526
-2.0625 0.80127 0.102539
0.001382 0.001382 -0.999998
0 0 0 0
0.237366 0.029724
-1.971436 0.80127 0.102539
0.001382 0.001382 -0.999998
0 0 0 0
0.237366 0.001526
-2.0625 0.987549 0.102539
0.001382 0.001382 -0.999998
0 0 0 0
0.301147 0.029724
-1.971436 0.987549 0.102539
0.001382 0.001382 -0.999998
0 0 0 0
0.301147 0.001526
-2.0625 1.065186 0.102539
0.001382 0.001382 -0.999998
0 0 0 0
0.32782 0.029724
-1.971436 1.065186 0.102539
0.001382 0.001382 -0.999998
0 0 0 0
0.32782 0.001526
-2.0625 1.224121 0.102539
0.001382 0.001382 -0.999998
0 0 0 0
0.382263 0.029724
-1.971436 1.224121 0.102539
0.001382 0.001382 -0.999998
0 0 0 0
0.382263 0.001526
-2.0625 1.224121 0.159912
0.000978 1 -0.000001
0 0 0 0
-0.453064 0.001526
-1.971436 1.224121 0.102539
0.000978 1 -0.000001
0 0 0 0
-0.476868 0.029724
-2.0625 1.224121 0.102539
0.000978 1 -0.000001
0 0 0 0
-0.453064 0.029724
-1.971436 1.224121 0.159912
0.000978 1 -0.000001
0 0 0 0
-0.476868 0.001526
-2.0625 1.065186 0.159912
-1 0.000978 -0.000001
0 0 0 0
0.001526 0.001526
-2.0625 0.987549 0.159912
-1 0.000978 -0.000001
0 0 0 0
0.001526 0.029724
-2.0625 0.987549 0.200439
-1 0.000978 -0.000001
0 0 0 0
0.017822 0.029724
-2.0625 1.065186 0.200439
-1 0.000978 -0.000001
0 0 0 0
0.017822 0.001526
-2.0625 0.80127 0.159912
0.001382 0.001382 0.999998
0 0 0 0
0.065308 0.029724
-1.971436 0.987549 0.159912
0.001382 0.001382 0.999998
0 0 0 0
0.001526 0.001526
-2.0625 0.987549 0.159912
0.001382 0.001382 0.999998
0 0 0 0
0.001526 0.029724
-1.971436 0.80127 0.159912
0.001382 0.001382 0.999998
0 0 0 0
0.065308 0.001526
-2.0625 0.80127 0.159912
-1 0.000978 -0.000001
0 0 0 0
0.001526 0.001526
-2.0625 0.726318 0.159912
-1 0.000978 -0.000001
0 0 0 0
0.001526 0.029724
-2.0625 0.726318 0.200439
-1 0.000978 -0.000001
0 0 0 0
0.018433 0.029724
-2.0625 0.80127 0.200439
-1 0.000978 -0.000001
0 0 0 0
0.018433 0.001526
-2.0625 0.517822 0.159912
0.001382 0.001382 0.999998
0 0 0 0
0.072998 0.029724
-1.971436 0.726318 0.159912
0.001382 0.001382 0.999998
0 0 0 0
0.001526 0.001526
-2.0625 0.726318 0.159912
0.001382 0.001382 0.999998
0 0 0 0
0.001526 0.029724
-1.971436 0.517822 0.159912
0.001382 0.001382 0.999998
0 0 0 0
0.072998 0.001526
-2.0625 0.517822 0.159912
-1 0.000978 -0.000001
0 0 0 0
0.001526 0.001526
-2.0625 0.432617 0.159912
-1 0.000978 -0.000001
0 0 0 0
0.001526 0.029724
-2.0625 0.432617 0.200439
-1 0.000978 -0.000001
0 0 0 0
0.016357 0.029724
-2.0625 0.517822 0.200439
-1 0.000978 -0.000001
0 0 0 0
0.016357 0.001526
-1.971436 0.27417 1.301758
0.000978 1 -0.000001
0 0 0 0
0.001526 0.029724
-1.971436 0.27417 0.23291
0.000978 1 -0.000001
0 0 0 0
0.367798 0.029724
-2.0625 0.27417 0.23291
0.000978 1 -0.000001
0 0 0 0
0.367798 0.001526
-2.0625 0.27417 1.301758
0.000978 1 -0.000001
0 0 0 0
0.001526 0.001526
-1.971436 0.370117 1.35791
0.000978 1 -0.000001
0 0 0 0
0.849792 0.001526
-2.0625 0.370117 1.301758
0.000978 1 -0.000001
0 0 0 0
0.867432 0.029724
-2.0625 0.370117 1.35791
0.000978 1 -0.000001
0 0 0 0
0.867432 0.001526
-1.971436 0.370117 1.301758
0.000978 1 -0.000001
0 0 0 0
0.849792 0.029724
1.847412 0.370117 1.35791
0.000978 1 -0.000001
0 0 0 0
0.111267 0.001526
1.847412 0.370117 1.301758
0.000978 1 -0.000001
0 0 0 0
0.111267 0.029724
-1.971436 0.20874 0.102539
0.001382 0.001382 -0.999998
0 0 0 0
0.030151 0.189148
1.847412 0.113037 0.102539
0.001382 0.001382 -0.999998
0 0 0 0
0.969971 0.217224
-1.971436 0.113037 0.102539
0.001382 0.001382 -0.999998
0 0 0 0
0.030151 0.217224
1.847412 0.20874 0.102539
0.001382 0.001382 -0.999998
0 0 0 0
0.969971 0.189148
-1.971436 0.27417 0.102539
0.001382 0.001382 -0.999998
0 0 0 0
0.030151 0.168945
1.847412 0.27417 0.102539
0.001382 0.001382 -0.999998
0 0 0 0
0.969971 0.168945
-1.971436 0.432617 0.102539
0.001382 0.001382 -0.999998
0 0 0 0
0.030151 0.120056
1.847412 0.432617 0.102539
0.001382 0.001382 -0.999998
0 0 0 0
0.969971 0.120056
-1.971436 0.517822 0.102539
0.001382 0.001382 -0.999998
0 0 0 0
0.030151 0.095276
1.847412 0.517822 0.102539
0.001382 0.001382 -0.999998
0 0 0 0
0.969971 0.095276
-1.971436 1.224121 0.102539
0.001382 0.001382 -0.999998
0 0 0 0
0.030151 0.032776
1.847412 1.224121 0.102539
0.001382 0.001382 -0.999998
0 0 0 0
0.976562 0.032776
1.847412 1.065186 0.102539
0.001382 0.001382 -0.999998
0 0 0 0
0.976562 0.073181
-1.971436 1.065186 0.102539
0.001382 0.001382 -0.999998
0 0 0 0
0.030151 0.073181
1.847412 0.987549 0.102539
0.001382 0.001382 -0.999998
0 0 0 0
0.976562 0.092224
-1.971436 0.987549 0.102539
0.001382 0.001382 -0.999998
0 0 0 0
0.030151 0.092224
-1.971436 1.224121 0.159912
0.000978 1 -0.000001
0 0 0 0
0.982422 0.001526
1.847412 1.224121 0.159912
0.000978 1 -0.000001
0 0 0 0
0.017517 0.001526
1.847412 1.224121 0.102539
0.000978 1 -0.000001
0 0 0 0
0.017517 0.029724
-1.971436 1.224121 0.102539
0.000978 1 -0.000001
0 0 0 0
0.982422 0.029724
1.847412 0.27417 1.301758
0.000978 1 -0.000001
0 0 0 0
0.058411 0.220276
1.847412 0.27417 0.23291
0.000978 1 -0.000001
0 0 0 0
0.058411 0.467224
-1.971436 0.27417 0.23291
0.000978 1 -0.000001
0 0 0 0
0.951599 0.467224
-1.971436 0.27417 1.301758
0.000978 1 -0.000001
0 0 0 0
0.951599 0.220276
-1.971436 0.80127 0.102539
0.001382 0.001382 -0.999998
0 0 0 0
0.978882 0
1.847412 0.80127 0.102539
0.001382 0.001382 -0.999998
0 0 0 0
0.028015 0
1.847412 0.726318 0.102539
0.001382 0.001382 -0.999998
0 0 0 0
0.028015 0.027344
-1.971436 0.726318 0.102539
0.001382 0.001382 -0.999998
0 0 0 0
0.978882 0.027344
1.847412 0.987549 0.102539
-1 0.000978 -0.000001
0 0 0 0
0.001526 0.029724
1.847412 0.80127 0.102539
-1 0.000978 -0.000001
0 0 0 0
0.102966 0.029724
1.847412 0.80127 0.159912
-1 0.000978 -0.000001
0 0 0 0
0.102966 0.001526
1.847412 0.987549 0.159912
-1 0.000978 -0.000001
0 0 0 0
0.001526 0.001526
-1.971436 0.80127 0.102539
1 0.000978 -0.000001
0 0 0 0
0.102966 0.001526
-1.971436 0.987549 0.102539
1 0.000978 -0.000001
0 0 0 0
0.001526 0.001526
-1.971436 0.987549 0.159912
1 0.000978 -0.000001
0 0 0 0
0.001526 0.029724
-1.971436 0.80127 0.159912
1 0.000978 -0.000001
0 0 0 0
0.102966 0.029724
1.847412 0.726318 0.102539
-1 0.000978 -0.000001
0 0 0 0
0.001526 0.029724
1.847412 0.517822 0.102539
-1 0.000978 -0.000001
0 0 0 0
0.115173 0.029724
1.847412 0.517822 0.159912
-1 0.000978 -0.000001
0 0 0 0
0.115173 0.001526
1.847412 0.726318 0.159912
-1 0.000978 -0.000001
0 0 0 0
0.001526 0.001526
-1.971436 0.517822 0.102539
1 0.000978 -0.000001
0 0 0 0
0.115173 0.001526
-1.971436 0.726318 0.102539
1 0.000978 -0.000001
0 0 0 0
0.001526 0.001526
-1.971436 0.726318 0.159912
1 0.000978 -0.000001
0 0 0 0
0.001526 0.029724
-1.971436 0.517822 0.159912
1 0.000978 -0.000001
0 0 0 0
0.115173 0.029724
-1.971436 0.20874 0.23291
0.000978 -1 -0.000001
0 0 0 0
0.951599 0.220276
1.847412 0.20874 0.23291
-0.000977 -1 -0.000001
0 0 0 0
0.058411 0.220276
1.847412 0.20874 1.301758
-0.000977 -1 -0.000001
0 0 0 0
0.058411 0.467224
-1.971436 0.20874 1.301758
0.000978 -1 -0.000001
0 0 0 0
0.951599 0.467224
-1.996094 0.033691 -1.426758
0.001382 0.001382 -0.999998
0 0 0 0
0.086731 0.056335
-2.039307 0 -1.426758
0.001382 0.001382 -0.999998
0 0 0 0
0.099121 0.040405
-2.039307 0.033691 -1.426758
0.001382 0.001382 -0.999998
0 0 0 0
0.086731 0.040405
-1.976074 0 -1.426758
0.001382 0.001382 -0.999998
0 0 0 0
0.099121 0.063416
-1.976074 0.033691 -1.426758
0.001382 0.001382 -0.999998
0 0 0 0
0.086731 0.063904
-1.976074 0.173828 -1.426758
0.001382 0.001382 -0.999998
0 0 0 0
0.035034 0.063416
-1.996094 0.173828 -1.426758
0.001382 0.001382 -0.999998
0 0 0 0
0.035034 0.056335
-1.976074 0.20752 -1.426758
0.001382 0.001382 -0.999998
0 0 0 0
0.022644 0.063416
-2.039307 0.20752 -1.426758
0.001382 0.001382 -0.999998
0 0 0 0
0.022644 0.040405
-2.039307 0.173828 -1.426758
0.001382 0.001382 -0.999998
0 0 0 0
0.035034 0.040405
-1.996094 0.173828 -1.426758
-1 0.000978 -0.000001
0 0 0 0
-0.50293 0.03595
-1.996094 0.033691 -1.426758
-1 0.000978 -0.000001
0 0 0 0
-0.50293 0.087708
-1.996094 0.033691 1.426758
-1 0.000978 -0.000001
0 0 0 0
-0.032593 0.087708
-1.996094 0.173828 1.426758
-1 0.000978 -0.000001
0 0 0 0
-0.032593 0.03595
-1.996094 0.033691 1.426758
0.000978 1 -0.000001
0 0 0 0
0.911499 0.081055
-1.996094 0.033691 -1.426758
0.000978 1 -0.000001
0 0 0 0
0.052246 0.081055
-2.039307 0.033691 -1.426758
0.000978 1 -0.000001
0 0 0 0
0.052246 0.033691
-2.039307 0.033691 1.426758
0.000978 1 -0.000001
0 0 0 0
0.911499 0.033691
-2.039307 0.033691 1.426758
-1 0.000978 -0.000001
0 0 0 0
0.052246 0.033691
-2.039307 0.033691 -1.426758
-1 0.000978 -0.000001
0 0 0 0
0.911499 0.033691
-2.039307 0 -1.426758
-1 0.000978 -0.000001
0 0 0 0
0.911499 0.081055
-2.039307 0 1.426758
-1 0.000978 -0.000001
0 0 0 0
0.052246 0.081055
-1.976074 0 -1.426758
0.000978 -1 -0.000001
0 0 0 0
0.001526 0.029724
-2.039307 0 1.426758
0.000978 -1 -0.000001
0 0 0 0
0.737488 0.001526
-2.039307 0 -1.426758
0.000978 -1 -0.000001
0 0 0 0
0.001526 0.001526
-1.976074 0 1.426758
0.000978 -1 -0.000001
0 0 0 0
0.737488 0.029724
-2.039307 0 1.426758
0.001382 0.001382 0.999998
0 0 0 0
0.024048 0.049316
-1.996094 0.033691 1.426758
0.001382 0.001382 0.999998
0 0 0 0
0.03064 0.057739
-2.039307 0.033691 1.426758
0.001382 0.001382 0.999998
0 0 0 0
0.03064 0.049316
-1.976074 0 1.426758
0.001382 0.001382 0.999998
0 0 0 0
0.024048 0.061523
-1.976074 0.033691 1.426758
0.001382 0.001382 0.999998
0 0 0 0
0.03064 0.061523
-1.996094 0.173828 1.426758
0.001382 0.001382 0.999998
0 0 0 0
0.058044 0.057739
-1.976074 0.173828 1.426758
0.001382 0.001382 0.999998
0 0 0 0
0.058044 0.061523
-1.976074 0.20752 1.426758
0.001382 0.001382 0.999998
0 0 0 0
0.064575 0.061523
-2.039307 0.20752 1.426758
0.001382 0.001382 0.999998
0 0 0 0
0.064575 0.049316
-2.039307 0.173828 1.426758
0.001382 0.001382 0.999998
0 0 0 0
0.058044 0.049316
-2.039307 0.173828 -1.426758
-1 0.000978 -0.000001
0 0 0 0
0.911499 0.081055
-2.039307 0.173828 1.426758
-1 0.000978 -0.000001
0 0 0 0
0.052246 0.081055
-2.039307 0.20752 1.426758
-1 0.000978 -0.000001
0 0 0 0
0.052246 0.033691
-2.039307 0.20752 -1.426758
-1 0.000978 -0.000001
0 0 0 0
0.911499 0.033691
-1.996094 0.173828 -1.426758
0.000978 -1 -0.000001
0 0 0 0
0.905212 0.001526
-1.996094 0.173828 1.426758
0.000978 -1 -0.000001
0 0 0 0
0.048096 0.001526
-2.039307 0.173828 1.426758
0.000978 -1 -0.000001
0 0 0 0
0.048096 0.029724
-2.039307 0.173828 -1.426758
0.000978 -1 -0.000001
0 0 0 0
0.905212 0.029724
-1.976074 0.20752 1.426758
0.000978 1 -0.000001
0 0 0 0
0.052246 0.081055
-2.039307 0.20752 -1.426758
0.000978 1 -0.000001
0 0 0 0
0.911499 0.033691
-2.039307 0.20752 1.426758
0.000978 1 -0.000001
0 0 0 0
0.052246 0.033691
-1.976074 0.20752 -1.426758
0.000978 1 -0.000001
0 0 0 0
0.911499 0.081055
-1.956299 0.033691 -1.426758
0.001382 0.001382 -0.999998
0 0 0 0
0.086731 0.056335
-1.912842 0.033691 -1.426758
0.001382 0.001382 -0.999998
0 0 0 0
0.086731 0.040405
-1.912842 0 -1.426758
0.001382 0.001382 -0.999998
0 0 0 0
0.099121 0.040405
-1.976074 0 -1.426758
0.001382 0.001382 -0.999998
0 0 0 0
0.099121 0.063416
-1.976074 0.033691 -1.426758
0.001382 0.001382 -0.999998
0 0 0 0
0.086731 0.063904
-1.976074 0.173828 -1.426758
0.001382 0.001382 -0.999998
0 0 0 0
0.035034 0.063416
-1.956299 0.173828 -1.426758
0.001382 0.001382 -0.999998
0 0 0 0
0.035034 0.056335
-1.976074 0.20752 -1.426758
0.001382 0.001382 -0.999998
0 0 0 0
0.022644 0.063416
-1.912842 0.20752 -1.426758
0.001382 0.001382 -0.999998
0 0 0 0
0.022644 0.040405
-1.912842 0.173828 -1.426758
0.001382 0.001382 -0.999998
0 0 0 0
0.035034 0.040405
-1.912842 0.033691 1.426758
1 0.000978 -0.000001
0 0 0 0
0.052246 0.033691
-1.912842 0 -1.426758
1 0.000978 -0.000001
0 0 0 0
0.911499 0.081055
-1.912842 0.033691 -1.426758
1 0.000978 -0.000001
0 0 0 0
0.911499 0.033691
-1.912842 0 1.426758
1 0.000978 -0.000001
0 0 0 0
0.052246 0.081055
-1.956299 0.033691 1.426758
0.000978 1 -0.000001
0 0 0 0
0.911499 0.081055
-1.912842 0.033691 1.426758
0.000978 1 -0.000001
0 0 0 0
0.911499 0.033691
-1.912842 0.033691 -1.426758
0.000978 1 -0.000001
0 0 0 0
0.052246 0.033691
-1.956299 0.033691 -1.426758
0.000978 1 -0.000001
0 0 0 0
0.052246 0.081055
-1.956299 0.173828 -1.426758
1 0.000978 -0.000001
0 0 0 0
-0.50293 0.03595
-1.956299 0.033691 1.426758
1 0.000978 -0.000001
0 0 0 0
-0.032593 0.087708
-1.956299 0.033691 -1.426758
1 0.000978 -0.000001
0 0 0 0
-0.50293 0.087708
-1.956299 0.173828 1.426758
1 0.000978 -0.000001
0 0 0 0
-0.032593 0.03595
-1.976074 0 -1.426758
0.000978 -1 -0.000001
0 0 0 0
0.001526 0.029724
-1.912842 0 -1.426758
0.000978 -1 -0.000001
0 0 0 0
0.001526 0.001526
-1.912842 0 1.426758
0.000978 -1 -0.000001
0 0 0 0
0.737488 0.001526
-1.976074 0 1.426758
0.000978 -1 -0.000001
0 0 0 0
0.737488 0.029724
-1.956299 0.033691 1.426758
0.001382 0.001382 0.999998
0 0 0 0
0.03064 0.057739
-1.912842 0 1.426758
0.001382 0.001382 0.999998
0 0 0 0
0.024048 0.049316
-1.912842 0.033691 1.426758
0.001382 0.001382 0.999998
0 0 0 0
0.03064 0.049316
-1.976074 0 1.426758
0.001382 0.001382 0.999998
0 0 0 0
0.024048 0.061523
-1.976074 0.033691 1.426758
0.001382 0.001382 0.999998
0 0 0 0
0.03064 0.061523
-1.956299 0.173828 1.426758
0.001382 0.001382 0.999998
0 0 0 0
0.058044 0.057739
-1.976074 0.173828 1.426758
0.001382 0.001382 0.999998
0 0 0 0
0.058044 0.061523
-1.976074 0.20752 1.426758
0.001382 0.001382 0.999998
0 0 0 0
0.064575 0.061523
-1.912842 0.20752 1.426758
0.001382 0.001382 0.999998
0 0 0 0
0.064575 0.049316
-1.912842 0.173828 1.426758
0.001382 0.001382 0.999998
0 0 0 0
0.058044 0.049316
-1.912842 0.173828 -1.426758
1 0.000978 -0.000001
0 0 0 0
0.911499 0.081055
-1.912842 0.20752 1.426758
1 0.000978 -0.000001
0 0 0 0
0.052246 0.033691
-1.912842 0.173828 1.426758
1 0.000978 -0.000001
0 0 0 0
0.052246 0.081055
-1.912842 0.20752 -1.426758
1 0.000978 -0.000001
0 0 0 0
0.911499 0.033691
-1.956299 0.173828 -1.426758
0.000978 -1 -0.000001
0 0 0 0
0.905212 0.001526
-1.912842 0.173828 -1.426758
0.000978 -1 -0.000001
0 0 0 0
0.905212 0.029724
-1.912842 0.173828 1.426758
0.000978 -1 -0.000001
0 0 0 0
0.048096 0.029724
-1.956299 0.173828 1.426758
0.000978 -1 -0.000001
0 0 0 0
0.048096 0.001526
-1.976074 0.20752 1.426758
0.000978 1 -0.000001
0 0 0 0
0.052246 0.081055
-1.912842 0.20752 1.426758
0.000978 1 -0.000001
0 0 0 0
0.052246 0.033691
-1.912842 0.20752 -1.426758
0.000978 1 -0.000001
0 0 0 0
0.911499 0.033691
-1.976074 0.20752 -1.426758
0.000978 1 -0.000001
0 0 0 0
0.911499 0.081055
-2.0625 4.490967 -0.120117
0.001382 0.001382 -0.999998
0 0 0 0
1 0.032776
1.9375 4.309082 -0.120117
0.001382 0.001382 -0.999998
0 0 0 0
0.001526 0.092224
-2.0625 4.309082 -0.120117
0.001382 0.001382 -0.999998
0 0 0 0
1 0.092224
1.9375 4.490967 -0.120117
0.001382 0.001382 -0.999998
0 0 0 0
0.001526 0.032776
-2.0625 4.490967 -0.120117
-1 0.000978 -0.000001
0 0 0 0
0.001526 0.032776
-2.0625 4.309082 -0.120117
-1 0.000978 -0.000001
0 0 0 0
0.001526 0.092224
-2.0625 4.309082 0.105225
-1 0.000978 -0.000001
0 0 0 0
0.059875 0.092224
-2.0625 4.490967 0.105225
-1 0.000978 -0.000001
0 0 0 0
0.059875 0.032776
-2.0625 4.309082 0.105225
0.000978 -1 -0.000001
0 0 0 0
0.001526 0.032776
-2.0625 4.309082 -0.120117
0.000978 -1 -0.000001
0 0 0 0
0.001526 0.092224
1.9375 4.309082 -0.120117
0.000978 -1 -0.000001
0 0 0 0
1 0.092224
1.9375 4.309082 0.105225
0.000978 -1 -0.000001
0 0 0 0
1 0.032776
-2.0625 4.490967 0.105225
0.001382 0.001382 0.999998
0 0 0 0
0.001526 0.092224
-2.0625 4.309082 0.105225
0.001382 0.001382 0.999998
0 0 0 0
0.001526 0.032776
1.9375 4.309082 0.105225
0.001382 0.001382 0.999998
0 0 0 0
1 0.032776
1.9375 4.490967 0.105225
0.001382 0.001382 0.999998
0 0 0 0
1 0.092224
1.9375 4.490967 0.105225
1 -0.000977 -0.000001
0 0 0 0
0.001526 0.032776
1.9375 4.309082 0.105225
1 -0.000977 -0.000001
0 0 0 0
0.001526 0.092224
1.9375 4.309082 -0.120117
1 -0.000977 -0.000001
0 0 0 0
0.059875 0.092224
1.9375 4.490967 -0.120117
1 -0.000977 -0.000001
0 0 0 0
0.059875 0.032776
-2.0625 4.490967 -0.120117
0.000978 1 -0.000001
0 0 0 0
0.001526 0.032776
-2.0625 4.490967 0.105225
0.000978 1 -0.000001
0 0 0 0
0.001526 0.092224
1.9375 4.490967 0.105225
0.000978 1 -0.000001
0 0 0 0
1 0.092224
1.9375 4.490967 -0.120117
0.000978 1 -0.000001
0 0 0 0
1 0.032776
-1.999268 0.27417 -1.375
-1 0.000978 -0.000001
0 0 0 0
-0.142944 0.001526
-1.999268 0.27417 -1.318848
-1 0.000978 -0.000001
0 0 0 0
-0.142944 0.029724
-1.999268 0.370117 -1.318848
-1 0.000978 -0.000001
0 0 0 0
-0.124451 0.029724
-1.999268 0.370117 -1.375
-1 0.000978 -0.000001
0 0 0 0
-0.124451 0.001526
-1.999268 0.27417 -1.318848
0.001382 0.001382 0.999998
0 0 0 0
-0.998474 0.029724
-1.90918 0.370117 -1.318848
0.001382 0.001382 0.999998
0 0 0 0
-0.969116 0.001526
-1.999268 0.370117 -1.318848
0.001382 0.001382 0.999998
0 0 0 0
-0.998474 0.001526
-1.90918 0.27417 -1.318848
0.001382 0.001382 0.999998
0 0 0 0
-0.969116 0.029724
1.909424 0.27417 -1.318848
0.001382 0.001382 0.999998
0 0 0 0
0.275452 0.029724
1.909424 0.370117 -1.318848
0.001382 0.001382 0.999998
0 0 0 0
0.275452 0.001526
2.000732 0.27417 -1.318848
0.001382 0.001382 0.999998
0 0 0 0
0.305176 0.029724
2.000732 0.370117 -1.318848
0.001382 0.001382 0.999998
0 0 0 0
0.305176 0.001526
-1.999268 0.20874 -1.375
0.001382 0.001382 -0.999998
0 0 0 0
0.972412 0.170959
-1.90918 0.113037 -1.375
0.001382 0.001382 -0.999998
0 0 0 0
0.951172 0.213196
-1.999268 0.113037 -1.375
0.001382 0.001382 -0.999998
0 0 0 0
0.972412 0.213196
-1.90918 0.20874 -1.375
0.001382 0.001382 -0.999998
0 0 0 0
0.951172 0.170959
-1.999268 0.27417 -1.375
0.001382 0.001382 -0.999998
0 0 0 0
0.972412 0.140198
-1.90918 0.27417 -1.375
0.001382 0.001382 -0.999998
0 0 0 0
0.951172 0.140198
-1.999268 0.370117 -1.375
0.001382 0.001382 -0.999998
0 0 0 0
0.972412 0.097961
-1.90918 0.370117 -1.375
0.001382 0.001382 -0.999998
0 0 0 0
0.951172 0.097961
1.909424 0.27417 -1.375
0.001382 0.001382 -0.999998
0 0 0 0
0.051147 0.140198
1.909424 0.370117 -1.375
0.001382 0.001382 -0.999998
0 0 0 0
0.051147 0.097961
2.000732 0.27417 -1.375
0.001382 0.001382 -0.999998
0 0 0 0
0.029602 0.140198
2.000732 0.370117 -1.375
0.001382 0.001382 -0.999998
0 0 0 0
0.029602 0.097961
2.000732 0.20874 -1.375
0.001382 0.001382 -0.999998
0 0 0 0
0.029602 0.170959
1.909424 0.20874 -1.375
0.001382 0.001382 -0.999998
0 0 0 0
0.051147 0.170959
1.909424 0.113037 -1.375
0.001382 0.001382 -0.999998
0 0 0 0
0.051147 0.213196
2.000732 0.113037 -1.375
0.001382 0.001382 -0.999998
0 0 0 0
0.029602 0.213196
-1.999268 0.370117 -1.318848
0.000978 1 -0.000001
0 0 0 0
-0.124451 0.029724
-1.90918 0.370117 -1.318848
0.000978 1 -0.000001
0 0 0 0
-0.106995 0.029724
-1.90918 0.370117 -1.375
0.000978 1 -0.000001
0 0 0 0
-0.106995 0.001526
-1.999268 0.370117 -1.375
0.000978 1 -0.000001
0 0 0 0
-0.124451 0.001526
-1.90918 0.20874 -1.318848
0.001382 0.001382 0.999998
0 0 0 0
-0.969116 0.001526
-1.999268 0.20874 -1.318848
0.001382 0.001382 0.999998
0 0 0 0
-0.998474 0.001526
-1.999268 0.113037 -1.318848
0.001382 0.001382 0.999998
0 0 0 0
-0.998474 0.029724
-1.90918 0.113037 -1.318848
0.001382 0.001382 0.999998
0 0 0 0
-0.969116 0.029724
1.909424 0.20874 -1.318848
0.001382 0.001382 0.999998
0 0 0 0
0.275452 0.001526
1.909424 0.113037 -1.318848
0.001382 0.001382 0.999998
0 0 0 0
0.275452 0.029724
2.000732 0.20874 -1.318848
0.001382 0.001382 0.999998
0 0 0 0
0.305176 0.001526
2.000732 0.113037 -1.318848
0.001382 0.001382 0.999998
0 0 0 0
0.305176 0.029724
-1.90918 0.113037 -1.318848
0.000978 -1 -0.000001
0 0 0 0
-0.191589 0.029724
-1.999268 0.113037 -1.318848
0.000978 -1 -0.000001
0 0 0 0
-0.174194 0.029724
-1.999268 0.113037 -1.375
0.000978 -1 -0.000001
0 0 0 0
-0.174194 0.001526
-1.90918 0.113037 -1.375
0.000978 -1 -0.000001
0 0 0 0
-0.191589 0.001526
2.000732 0.27417 -1.318848
1 0.000978 -0.000001
0 0 0 0
0.885925 0.029724
2.000732 0.370117 -1.375
1 0.000978 -0.000001
0 0 0 0
0.867432 0.001526
2.000732 0.370117 -1.318848
1 0.000978 -0.000001
0 0 0 0
0.867432 0.029724
2.000732 0.27417 -1.375
1 0.000978 -0.000001
0 0 0 0
0.885986 0.001526
2.000732 0.20874 -1.375
1 0.000978 -0.000001
0 0 0 0
0.898621 0.001526
2.000732 0.20874 -1.318848
1 0.000978 -0.000001
0 0 0 0
0.898621 0.029724
2.000732 0.113037 -1.318848
1 0.000978 -0.000001
0 0 0 0
0.917175 0.029724
2.000732 0.113037 -1.375
1 0.000978 -0.000001
0 0 0 0
0.917175 0.001526
2.000732 0.113037 -1.318848
0.000978 -1 -0.000001
0 0 0 0
0.009216 0.029724
1.909424 0.113037 -1.375
0.000978 -1 -0.000001
0 0 0 0
0.026855 0.001526
2.000732 0.113037 -1.375
0.000978 -1 -0.000001
0 0 0 0
0.009216 0.001526
1.909424 0.113037 -1.318848
0.000978 -1 -0.000001
0 0 0 0
0.026855 0.029724
-1.90918 0.113037 -1.375
0.000978 -1 -0.000001
0 0 0 0
0.765564 0.001526
-1.90918 0.113037 -1.318848
0.000978 -1 -0.000001
0 0 0 0
0.765564 0.029724
2.000732 0.27417 -0.25
1 0.000978 -0.000001
0 0 0 0
0.001526 0.001526
2.000732 0.20874 -0.25
1 0.000978 -0.000001
0 0 0 0
0.001526 0.029724
2.000732 0.20874 -1.318848
1 0.000978 -0.000001
0 0 0 0
0.51239 0.029724
2.000732 0.27417 -1.318848
1 0.000978 -0.000001
0 0 0 0
0.51239 0.001526
2.000732 0.20874 -0.25
0.000978 -1 -0.000001
0 0 0 0
0.367798 0.029724
1.909424 0.20874 -1.318848
0.000978 -1 -0.000001
0 0 0 0
0.001526 0.001526
2.000732 0.20874 -1.318848
0.000978 -1 -0.000001
0 0 0 0
0.001526 0.029724
1.909424 0.20874 -0.25
0.000978 -1 -0.000001
0 0 0 0
0.367798 0.001526
2.000732 0.113037 -0.177002
0.000978 -1 -0.000001
0 0 0 0
0.015015 0.029724
1.909424 0.113037 -0.25
0.000978 -1 -0.000001
0 0 0 0
0.036438 0.001526
2.000732 0.113037 -0.25
0.000978 -1 -0.000001
0 0 0 0
0.015015 0.001526
1.909424 0.113037 -0.177002
0.000978 -1 -0.000001
0 0 0 0
0.036438 0.029724
-1.90918 0.113037 -0.25
0.000978 -1 -0.000001
0 0 0 0
0.933105 0.001526
-1.90918 0.113037 -0.177002
0.000978 -1 -0.000001
0 0 0 0
0.933105 0.029724
2.000732 0.113037 -0.119629
0.000978 -1 -0.000001
0 0 0 0
0.012146 0.029724
1.909424 0.113037 -0.177002
0.000978 -1 -0.000001
0 0 0 0
0.034607 0.001526
2.000732 0.113037 -0.177002
0.000978 -1 -0.000001
0 0 0 0
0.012146 0.001526
1.909424 0.113037 -0.119629
0.000978 -1 -0.000001
0 0 0 0
0.034607 0.029724
-1.90918 0.113037 -0.177002
0.000978 -1 -0.000001
0 0 0 0
0.974182 0.001526
-1.90918 0.113037 -0.119629
0.000978 -1 -0.000001
0 0 0 0
0.974182 0.029724
2.000732 0.20874 -0.119629
0.001382 0.001382 0.999998
0 0 0 0
0.034363 0.029724
1.909424 0.113037 -0.119629
0.001382 0.001382 0.999998
0 0 0 0
0.001526 0.001526
2.000732 0.113037 -0.119629
0.001382 0.001382 0.999998
0 0 0 0
0.001526 0.029724
1.909424 0.20874 -0.119629
0.001382 0.001382 0.999998
0 0 0 0
0.034363 0.001526
2.000732 0.27417 -0.119629
0.001382 0.001382 0.999998
0 0 0 0
0.056763 0.029724
1.909424 0.27417 -0.119629
0.001382 0.001382 0.999998
0 0 0 0
0.056763 0.001526
2.000732 0.432617 -0.119629
0.001382 0.001382 0.999998
0 0 0 0
0.111023 0.029724
1.909424 0.432617 -0.119629
0.001382 0.001382 0.999998
0 0 0 0
0.111023 0.001526
2.000732 0.517822 -0.119629
0.001382 0.001382 0.999998
0 0 0 0
0.140198 0.029724
1.909424 0.517822 -0.119629
0.001382 0.001382 0.999998
0 0 0 0
0.140198 0.001526
2.000732 0.726318 -0.119629
0.001382 0.001382 0.999998
0 0 0 0
0.211731 0.029724
1.909424 0.726318 -0.119629
0.001382 0.001382 0.999998
0 0 0 0
0.211731 0.001526
2.000732 0.80127 -0.119629
0.001382 0.001382 0.999998
0 0 0 0
0.237366 0.029724
1.909424 0.80127 -0.119629
0.001382 0.001382 0.999998
0 0 0 0
0.237366 0.001526
2.000732 0.987549 -0.119629
0.001382 0.001382 0.999998
0 0 0 0
0.301147 0.029724
1.909424 0.987549 -0.119629
0.001382 0.001382 0.999998
0 0 0 0
0.301147 0.001526
2.000732 1.065186 -0.119629
0.001382 0.001382 0.999998
0 0 0 0
0.32782 0.029724
1.909424 1.065186 -0.119629
0.001382 0.001382 0.999998
0 0 0 0
0.32782 0.001526
2.000732 1.224121 -0.119629
0.001382 0.001382 0.999998
0 0 0 0
0.382263 0.029724
1.909424 1.224121 -0.119629
0.001382 0.001382 0.999998
0 0 0 0
0.382263 0.001526
2.000732 1.224121 -0.177002
0.000978 1 -0.000001
0 0 0 0
-0.453064 0.001526
1.909424 1.224121 -0.119629
0.000978 1 -0.000001
0 0 0 0
-0.476868 0.029724
2.000732 1.224121 -0.119629
0.000978 1 -0.000001
0 0 0 0
-0.453064 0.029724
1.909424 1.224121 -0.177002
0.000978 1 -0.000001
0 0 0 0
-0.476868 0.001526
2.000732 1.065186 -0.177002
1 0.000978 -0.000001
0 0 0 0
0.001526 0.001526
2.000732 0.987549 -0.177002
1 0.000978 -0.000001
0 0 0 0
0.001526 0.029724
2.000732 0.987549 -0.217529
1 0.000978 -0.000001
0 0 0 0
0.017822 0.029724
2.000732 1.065186 -0.217529
1 0.000978 -0.000001
0 0 0 0
0.017822 0.001526
2.000732 0.80127 -0.177002
0.001382 0.001382 -0.999998
0 0 0 0
0.065308 0.029724
1.909424 0.987549 -0.177002
0.001382 0.001382 -0.999998
0 0 0 0
0.001526 0.001526
2.000732 0.987549 -0.177002
0.001382 0.001382 -0.999998
0 0 0 0
0.001526 0.029724
1.909424 0.80127 -0.177002
0.001382 0.001382 -0.999998
0 0 0 0
0.065308 0.001526
2.000732 0.80127 -0.177002
1 0.000978 -0.000001
0 0 0 0
0.001526 0.001526
2.000732 0.726318 -0.177002
1 0.000978 -0.000001
0 0 0 0
0.001526 0.029724
2.000732 0.726318 -0.217529
1 0.000978 -0.000001
0 0 0 0
0.018433 0.029724
2.000732 0.80127 -0.217529
1 0.000978 -0.000001
0 0 0 0
0.018433 0.001526
2.000732 0.517822 -0.177002
0.001382 0.001382 -0.999998
0 0 0 0
0.072998 0.029724
1.909424 0.726318 -0.177002
0.001382 0.001382 -0.999998
0 0 0 0
0.001526 0.001526
2.000732 0.726318 -0.177002
0.001382 0.001382 -0.999998
0 0 0 0
0.001526 0.029724
1.909424 0.517822 -0.177002
0.001382 0.001382 -0.999998
0 0 0 0
0.072998 0.001526
2.000732 0.517822 -0.177002
1 0.000978 -0.000001
0 0 0 0
0.001526 0.001526
2.000732 0.432617 -0.177002
1 0.000978 -0.000001
0 0 0 0
0.001526 0.029724
2.000732 0.432617 -0.217529
1 0.000978 -0.000001
0 0 0 0
0.016357 0.029724
2.000732 0.517822 -0.217529
1 0.000978 -0.000001
0 0 0 0
0.016357 0.001526
1.909424 0.27417 -1.318848
0.000978 1 -0.000001
0 0 0 0
0.001526 0.029724
1.909424 0.27417 -0.25
0.000978 1 -0.000001
0 0 0 0
0.367798 0.029724
2.000732 0.27417 -0.25
0.000978 1 -0.000001
0 0 0 0
0.367798 0.001526
2.000732 0.27417 -1.318848
0.000978 1 -0.000001
0 0 0 0
0.001526 0.001526
1.909424 0.370117 -1.375
0.000978 1 -0.000001
0 0 0 0
0.849792 0.001526
2.000732 0.370117 -1.318848
0.000978 1 -0.000001
0 0 0 0
0.867432 0.029724
2.000732 0.370117 -1.375
0.000978 1 -0.000001
0 0 0 0
0.867432 0.001526
1.909424 0.370117 -1.318848
0.000978 1 -0.000001
0 0 0 0
0.849792 0.029724
-1.90918 0.370117 -1.375
0.000978 1 -0.000001
0 0 0 0
0.111267 0.001526
-1.90918 0.370117 -1.318848
0.000978 1 -0.000001
0 0 0 0
0.111267 0.029724
1.909424 0.20874 -0.119629
0.001382 0.001382 0.999998
0 0 0 0
0.030151 0.189148
-1.90918 0.113037 -0.119629
0.001382 0.001382 0.999998
0 0 0 0
0.969971 0.217224
1.909424 0.113037 -0.119629
0.001382 0.001382 0.999998
0 0 0 0
0.030151 0.217224
-1.90918 0.20874 -0.119629
0.001382 0.001382 0.999998
0 0 0 0
0.969971 0.189148
1.909424 0.27417 -0.119629
0.001382 0.001382 0.999998
0 0 0 0
0.030151 0.168945
-1.90918 0.27417 -0.119629
0.001382 0.001382 0.999998
0 0 0 0
0.969971 0.168945
1.909424 0.432617 -0.119629
0.001382 0.001382 0.999998
0 0 0 0
0.030151 0.120056
-1.90918 0.432617 -0.119629
0.001382 0.001382 0.999998
0 0 0 0
0.969971 0.120056
1.909424 0.517822 -0.119629
0.001382 0.001382 0.999998
0 0 0 0
0.030151 0.095276
-1.90918 0.517822 -0.119629
0.001382 0.001382 0.999998
0 0 0 0
0.969971 0.095276
1.909424 1.224121 -0.119629
0.001382 0.001382 0.999998
0 0 0 0
0.030151 0.032776
-1.90918 1.224121 -0.119629
0.001382 0.001382 0.999998
0 0 0 0
0.976562 0.032776
-1.90918 1.065186 -0.119629
0.001382 0.001382 0.999998
0 0 0 0
0.976562 0.073181
1.909424 1.065186 -0.119629
0.001382 0.001382 0.999998
0 0 0 0
0.030151 0.073181
-1.90918 0.987549 -0.119629
0.001382 0.001382 0.999998
0 0 0 0
0.976562 0.092224
1.909424 0.987549 -0.119629
0.001382 0.001382 0.999998
0 0 0 0
0.030151 0.092224
1.909424 1.224121 -0.177002
0.000978 1 -0.000001
0 0 0 0
0.982422 0.001526
-1.90918 1.224121 -0.177002
0.000978 1 -0.000001
0 0 0 0
0.017517 0.001526
-1.90918 1.224121 -0.119629
0.000978 1 -0.000001
0 0 0 0
0.017517 0.029724
1.909424 1.224121 -0.119629
0.000978 1 -0.000001
0 0 0 0
0.982422 0.029724
-1.90918 0.27417 -1.318848
0.000978 1 -0.000001
0 0 0 0
0.058411 0.220276
-1.90918 0.27417 -0.25
0.000978 1 -0.000001
0 0 0 0
0.058411 0.467224
1.909424 0.27417 -0.25
0.000978 1 -0.000001
0 0 0 0
0.951599 0.467224
1.909424 0.27417 -1.318848
0.000978 1 -0.000001
0 0 0 0
0.951599 0.220276
1.909424 0.80127 -0.119629
0.001382 0.001382 0.999998
0 0 0 0
0.978882 0
-1.90918 0.80127 -0.119629
0.001382 0.001382 0.999998
0 0 0 0
0.028015 0
-1.90918 0.726318 -0.119629
0.001382 0.001382 0.999998
0 0 0 0
0.028015 0.027344
1.909424 0.726318 -0.119629
0.001382 0.001382 0.999998
0 0 0 0
0.978882 0.027344
-1.90918 0.987549 -0.119629
1 0.000978 -0.000001
0 0 0 0
0.001526 0.029724
-1.90918 0.80127 -0.119629
1 0.000978 -0.000001
0 0 0 0
0.102966 0.029724
-1.90918 0.80127 -0.177002
1 0.000978 -0.000001
0 0 0 0
0.102966 0.001526
-1.90918 0.987549 -0.177002
1 0.000978 -0.000001
0 0 0 0
0.001526 0.001526
1.909424 0.80127 -0.119629
-1 0.000978 -0.000001
0 0 0 0
0.102966 0.001526
1.909424 0.987549 -0.119629
-1 0.000978 -0.000001
0 0 0 0
0.001526 0.001526
1.909424 0.987549 -0.177002
-1 0.000978 -0.000001
0 0 0 0
0.001526 0.029724
1.909424 0.80127 -0.177002
-1 0.000978 -0.000001
0 0 0 0
0.102966 0.029724
-1.90918 0.726318 -0.119629
1 0.000978 -0.000001
0 0 0 0
0.001526 0.029724
-1.90918 0.517822 -0.119629
1 0.000978 -0.000001
0 0 0 0
0.115173 0.029724
-1.90918 0.517822 -0.177002
1 0.000978 -0.000001
0 0 0 0
0.115173 0.001526
-1.90918 0.726318 -0.177002
1 0.000978 -0.000001
0 0 0 0
0.001526 0.001526
1.909424 0.517822 -0.119629
-1 0.000978 -0.000001
0 0 0 0
0.115173 0.001526
1.909424 0.726318 -0.119629
-1 0.000978 -0.000001
0 0 0 0
0.001526 0.001526
1.909424 0.726318 -0.177002
-1 0.000978 -0.000001
0 0 0 0
0.001526 0.029724
1.909424 0.517822 -0.177002
-1 0.000978 -0.000001
0 0 0 0
0.115173 0.029724
1.909424 0.20874 -0.25
0.000978 -1 -0.000001
0 0 0 0
0.951599 0.220276
-1.90918 0.20874 -0.25
0.000978 -1 -0.000001
0 0 0 0
0.058411 0.220276
-1.90918 0.20874 -1.318848
0.000978 -1 -0.000001
0 0 0 0
0.058411 0.467224
1.909424 0.20874 -1.318848
0.000978 -1 -0.000001
0 0 0 0
0.951599 0.467224
1.847412 0.20874 0.102539
0.001382 0.001382 -0.999998
0 0 0 0
0.03479 0.029724
1.9375 0.113037 0.102539
0.001382 0.001382 -0.999998
0 0 0 0
0.001526 0.001526
1.847412 0.113037 0.102539
0.001382 0.001382 -0.999998
0 0 0 0
0.001526 0.029724
1.9375 0.20874 0.102539
0.001382 0.001382 -0.999998
0 0 0 0
0.03479 0.001526
1.847412 0.27417 0.102539
0.001382 0.001382 -0.999998
0 0 0 0
0.057434 0.029724
1.9375 0.27417 0.102539
0.001382 0.001382 -0.999998
0 0 0 0
0.057434 0.001526
1.847412 0.432617 0.102539
0.001382 0.001382 -0.999998
0 0 0 0
0.112427 0.029724
1.9375 0.432617 0.102539
0.001382 0.001382 -0.999998
0 0 0 0
0.112427 0.001526
1.847412 0.517822 0.102539
0.001382 0.001382 -0.999998
0 0 0 0
0.141968 0.029724
1.9375 0.517822 0.102539
0.001382 0.001382 -0.999998
0 0 0 0
0.141968 0.001526
1.847412 0.726318 0.102539
0.001382 0.001382 -0.999998
0 0 0 0
0.214355 0.029724
1.9375 0.726318 0.102539
0.001382 0.001382 -0.999998
0 0 0 0
0.214355 0.001526
1.847412 0.80127 0.102539
0.001382 0.001382 -0.999998
0 0 0 0
0.240295 0.029724
1.9375 0.80127 0.102539
0.001382 0.001382 -0.999998
0 0 0 0
0.240295 0.001526
1.847412 0.987549 0.102539
0.001382 0.001382 -0.999998
0 0 0 0
0.304932 0.029724
1.9375 0.987549 0.102539
0.001382 0.001382 -0.999998
0 0 0 0
0.304871 0.001526
1.847412 1.065186 0.102539
0.001382 0.001382 -0.999998
0 0 0 0
0.331909 0.029724
1.9375 1.065186 0.102539
0.001382 0.001382 -0.999998
0 0 0 0
0.331909 0.001526
1.847412 1.224121 0.102539
0.001382 0.001382 -0.999998
0 0 0 0
0.387024 0.029724
1.9375 1.224121 0.102539
0.001382 0.001382 -0.999998
0 0 0 0
0.387024 0.001526
1.9375 0.20874 0.102539
1 0.000978 -0.000001
0 0 0 0
-0.378296 0.029724
1.9375 0.113037 0.159912
1 0.000978 -0.000001
0 0 0 0
-0.40332 0.001526
1.9375 0.113037 0.102539
1 0.000978 -0.000001
0 0 0 0
-0.40332 0.029724
1.9375 0.20874 0.159912
1 0.000978 -0.000001
0 0 0 0
-0.378296 0.001526
1.9375 0.27417 0.102539
1 0.000978 -0.000001
0 0 0 0
-0.361267 0.029724
1.9375 0.27417 0.159912
1 0.000978 -0.000001
0 0 0 0
-0.361267 0.001526
1.9375 0.432617 0.102539
1 0.000978 -0.000001
0 0 0 0
-0.320007 0.029724
1.9375 0.432617 0.159912
1 0.000978 -0.000001
0 0 0 0
-0.320007 0.001526
1.9375 0.517822 0.102539
1 0.000978 -0.000001
0 0 0 0
-0.297852 0.029724
1.9375 0.517822 0.159912
1 0.000978 -0.000001
0 0 0 0
-0.297852 0.001526
1.9375 0.726318 0.102539
1 0.000978 -0.000001
0 0 0 0
-0.243469 0.029724
1.9375 0.726318 0.159912
1 0.000978 -0.000001
0 0 0 0
-0.243469 0.001526
1.9375 0.80127 0.102539
1 0.000978 -0.000001
0 0 0 0
-0.223999 0.029724
1.9375 0.80127 0.159912
1 0.000978 -0.000001
0 0 0 0
-0.223999 0.001526
1.9375 0.987549 0.102539
1 0.000978 -0.000001
0 0 0 0
-0.175476 0.029724
1.9375 0.987549 0.159912
1 0.000978 -0.000001
0 0 0 0
-0.175476 0.001526
1.9375 1.065186 0.102539
1 0.000978 -0.000001
0 0 0 0
-0.155212 0.029724
1.9375 1.065186 0.159912
1 0.000978 -0.000001
0 0 0 0
-0.155212 0.001526
1.9375 1.224121 0.102539
1 0.000978 -0.000001
0 0 0 0
-0.11377 0.029724
1.9375 1.224121 0.159912
1 0.000978 -0.000001
0 0 0 0
-0.11377 0.001526
1.847412 0.27417 0.159912
0.001382 0.001382 0.999998
0 0 0 0
0.019287 0.001526
1.9375 0.27417 0.159912
0.001382 0.001382 0.999998
0 0 0 0
0.001526 0.001526
1.9375 0.432617 0.159912
0.001382 0.001382 0.999998
0 0 0 0
0.001526 0.029724
1.847412 0.432617 0.159912
0.001382 0.001382 0.999998
0 0 0 0
0.019287 0.029724
-1.971436 0.27417 0.159912
0.001382 0.001382 0.999998
0 0 0 0
0.772766 0.001526
-1.971436 0.432617 0.159912
0.001382 0.001382 0.999998
0 0 0 0
0.772766 0.029724
-2.0625 0.27417 0.159912
0.001382 0.001382 0.999998
0 0 0 0
0.79071 0.001526
-2.0625 0.432617 0.159912
0.001382 0.001382 0.999998
0 0 0 0
0.79071 0.029724
1.9375 0.20874 0.159912
1 0.000978 -0.000001
0 0 0 0
0.056519 0.029724
1.9375 0.27417 0.159912
1 0.000978 -0.000001
0 0 0 0
0.070618 0.029724
1.9375 0.27417 0.23291
1 0.000978 -0.000001
0 0 0 0
0.070618 0.001526
1.9375 0.20874 0.23291
1 0.000978 -0.000001
0 0 0 0
0.056519 0.001526
1.9375 0.113037 0.23291
1 0.000978 -0.000001
0 0 0 0
0.035828 0.001526
1.9375 0.113037 0.159912
1 0.000978 -0.000001
0 0 0 0
0.035828 0.029724
1.9375 0.27417 0.159912
0.000978 1 -0.000001
0 0 0 0
0.070618 0.029724
1.847412 0.27417 0.23291
0.000978 1 -0.000001
0 0 0 0
0.090088 0.001526
1.9375 0.27417 0.23291
0.000978 1 -0.000001
0 0 0 0
0.070618 0.001526
1.847412 0.27417 0.159912
0.000978 1 -0.000001
0 0 0 0
0.090088 0.029724
-1.971436 0.27417 0.159912
0.000978 1 -0.000001
0 0 0 0
0.914368 0.029724
-1.971436 0.27417 0.23291
0.000978 1 -0.000001
0 0 0 0
0.914368 0.001526
-2.0625 0.27417 0.159912
0.000978 1 -0.000001
0 0 0 0
0.934082 0.029724
-2.0625 0.27417 0.23291
0.000978 1 -0.000001
0 0 0 0
0.934082 0.001526
1.847412 1.224121 0.159912
0.000978 1 -0.000001
0 0 0 0
-0.090332 0.001526
1.9375 1.224121 0.159912
0.000978 1 -0.000001
0 0 0 0
-0.11377 0.001526
1.9375 1.224121 0.102539
0.000978 1 -0.000001
0 0 0 0
-0.11377 0.029724
1.847412 1.224121 0.102539
0.000978 1 -0.000001
0 0 0 0
-0.090332 0.029724
1.847412 1.065186 0.159912
0.001382 0.001382 0.999998
0 0 0 0
0.045776 0.001526
1.9375 1.065186 0.159912
0.001382 0.001382 0.999998
0 0 0 0
0.024475 0.001526
1.9375 1.224121 0.159912
0.001382 0.001382 0.999998
0 0 0 0
0.024475 0.029724
1.847412 1.224121 0.159912
0.001382 0.001382 0.999998
0 0 0 0
0.045776 0.029724
-1.971436 1.065186 0.159912
0.001382 0.001382 0.999998
0 0 0 0
0.950073 0.001526
-1.971436 1.224121 0.159912
0.001382 0.001382 0.999998
0 0 0 0
0.950073 0.029724
-2.0625 1.065186 0.159912
0.001382 0.001382 0.999998
0 0 0 0
0.97168 0.001526
-2.0625 1.224121 0.159912
0.001382 0.001382 0.999998
0 0 0 0
0.97168 0.029724
1.847412 0.80127 0.159912
0.001382 0.001382 0.999998
0 0 0 0
0.066101 0.029724
1.9375 0.80127 0.159912
0.001382 0.001382 0.999998
0 0 0 0
0.066101 0.001526
1.9375 0.987549 0.159912
0.001382 0.001382 0.999998
0 0 0 0
0.001526 0.001526
1.847412 0.987549 0.159912
0.001382 0.001382 0.999998
0 0 0 0
0.001526 0.029724
1.847412 0.987549 0.159912
0.000978 -1 -0.000001
0 0 0 0
0.100159 0.01709
1.9375 0.987549 0.159912
0.000978 -1 -0.000001
0 0 0 0
0.082581 0.01709
1.9375 0.987549 0.200439
0.000978 -1 -0.000001
0 0 0 0
0.082581 0.026855
1.847412 0.987549 0.200439
0.000978 -1 -0.000001
0 0 0 0
0.100159 0.026855
-1.971436 0.987549 0.159912
0.000978 -1 -0.000001
0 0 0 0
0.846008 0.01709
-1.971436 0.987549 0.200439
0.000978 -1 -0.000001
0 0 0 0
0.846008 0.026855
-2.0625 0.987549 0.159912
0.000978 -1 -0.000001
0 0 0 0
0.863831 0.01709
-2.0625 0.987549 0.200439
0.000978 -1 -0.000001
0 0 0 0
0.863831 0.026855
-1.971436 0.987549 0.102539
0.000978 -1 -0.000001
0 0 0 0
0.846008 0.003296
1.847412 0.987549 0.102539
0.000978 -1 -0.000001
0 0 0 0
0.100159 0.003296
1.9375 0.987549 0.159912
1 0.000978 -0.000001
0 0 0 0
0.017822 0.029724
1.9375 1.065186 0.159912
1 0.000978 -0.000001
0 0 0 0
0.017822 0.001526
1.9375 1.065186 0.200439
1 0.000978 -0.000001
0 0 0 0
0.001526 0.001526
1.9375 0.987549 0.200439
1 0.000978 -0.000001
0 0 0 0
0.001526 0.029724
1.847412 0.987549 0.200439
0.001382 0.001382 0.999998
0 0 0 0
0.0401 0.001526
1.9375 0.987549 0.200439
0.001382 0.001382 0.999998
0 0 0 0
0.01825 0.001526
1.9375 1.065186 0.200439
0.001382 0.001382 0.999998
0 0 0 0
0.01825 0.029724
1.847412 1.065186 0.200439
0.001382 0.001382 0.999998
0 0 0 0
0.0401 0.029724
-1.971436 0.987549 0.200439
0.001382 0.001382 0.999998
0 0 0 0
0.966492 0.001526
-1.971436 1.065186 0.200439
0.001382 0.001382 0.999998
0 0 0 0
0.966492 0.029724
-2.0625 0.987549 0.200439
0.001382 0.001382 0.999998
0 0 0 0
0.988647 0.001526
-2.0625 1.065186 0.200439
0.001382 0.001382 0.999998
0 0 0 0
0.988647 0.029724
1.9375 1.065186 0.159912
0.000978 1 -0.000001
0 0 0 0
0.031006 0.029724
1.847412 1.065186 0.200439
0.000978 1 -0.000001
0 0 0 0
0.052246 0.001526
1.9375 1.065186 0.200439
0.000978 1 -0.000001
0 0 0 0
0.031006 0.001526
1.847412 1.065186 0.159912
0.000978 1 -0.000001
0 0 0 0
0.052246 0.029724
-1.971436 1.065186 0.159912
0.000978 1 -0.000001
0 0 0 0
0.953064 0.029724
-1.971436 1.065186 0.200439
0.000978 1 -0.000001
0 0 0 0
0.953064 0.001526
-2.0625 1.065186 0.159912
0.000978 1 -0.000001
0 0 0 0
0.974548 0.029724
-2.0625 1.065186 0.200439
0.000978 1 -0.000001
0 0 0 0
0.974548 0.001526
1.847412 0.517822 0.159912
0.001382 0.001382 0.999998
0 0 0 0
0.073853 0.029724
1.9375 0.517822 0.159912
0.001382 0.001382 0.999998
0 0 0 0
0.073853 0.001526
1.9375 0.726318 0.159912
0.001382 0.001382 0.999998
0 0 0 0
0.001526 0.001526
1.847412 0.726318 0.159912
0.001382 0.001382 0.999998
0 0 0 0
0.001526 0.029724
1.847412 0.726318 0.159912
0.000978 -1 -0.000001
0 0 0 0
0.039917 0.017517
1.9375 0.726318 0.159912
0.000978 -1 -0.000001
0 0 0 0
0.018311 0.017517
1.9375 0.726318 0.200439
0.000978 -1 -0.000001
0 0 0 0
0.018311 0.027588
1.847412 0.726318 0.200439
0.000978 -1 -0.000001
0 0 0 0
0.039917 0.027588
-1.971436 0.726318 0.159912
0.000978 -1 -0.000001
0 0 0 0
0.954773 0.017517
-1.971436 0.726318 0.200439
0.000978 -1 -0.000001
0 0 0 0
0.954773 0.027588
-2.0625 0.726318 0.159912
0.000978 -1 -0.000001
0 0 0 0
0.976624 0.017517
-2.0625 0.726318 0.200439
0.000978 -1 -0.000001
0 0 0 0
0.976624 0.027588
-1.971436 0.726318 0.102539
0.000978 -1 -0.000001
0 0 0 0
0.954773 0.003235
1.847412 0.726318 0.102539
0.000978 -1 -0.000001
0 0 0 0
0.039917 0.003235
1.9375 0.726318 0.159912
1 0.000978 -0.000001
0 0 0 0
0.018433 0.029724
1.9375 0.80127 0.159912
1 0.000978 -0.000001
0 0 0 0
0.018433 0.001526
1.9375 0.80127 0.200439
1 0.000978 -0.000001
0 0 0 0
0.001526 0.001526
1.9375 0.726318 0.200439
1 0.000978 -0.000001
0 0 0 0
0.001526 0.029724
1.847412 0.726318 0.200439
0.001382 0.001382 0.999998
0 0 0 0
0.036011 0.001526
1.9375 0.726318 0.200439
0.001382 0.001382 0.999998
0 0 0 0
0.014404 0.001526
1.9375 0.80127 0.200439
0.001382 0.001382 0.999998
0 0 0 0
0.014404 0.029724
1.847412 0.80127 0.200439
0.001382 0.001382 0.999998
0 0 0 0
0.036011 0.029724
-1.971436 0.726318 0.200439
0.001382 0.001382 0.999998
0 0 0 0
0.950684 0.001526
-1.971436 0.80127 0.200439
0.001382 0.001382 0.999998
0 0 0 0
0.950684 0.029724
-2.0625 0.726318 0.200439
0.001382 0.001382 0.999998
0 0 0 0
0.972534 0.001526
-2.0625 0.80127 0.200439
0.001382 0.001382 0.999998
0 0 0 0
0.972534 0.029724
1.9375 0.80127 0.159912
0.000978 1 -0.000001
0 0 0 0
0.027649 0.013977
1.847412 0.80127 0.200439
0.000978 1 -0.000001
0 0 0 0
0.049255 0.003906
1.9375 0.80127 0.200439
0.000978 1 -0.000001
0 0 0 0
0.027649 0.003906
1.847412 0.80127 0.159912
0.000978 1 -0.000001
0 0 0 0
0.049255 0.013977
-1.971436 0.80127 0.159912
0.000978 1 -0.000001
0 0 0 0
0.964111 0.013977
-1.971436 0.80127 0.200439
0.000978 1 -0.000001
0 0 0 0
0.964111 0.003906
-2.0625 0.80127 0.159912
0.000978 1 -0.000001
0 0 0 0
0.985962 0.013977
-2.0625 0.80127 0.200439
0.000978 1 -0.000001
0 0 0 0
0.985962 0.003906
1.847412 0.80127 0.102539
0.000978 1 -0.000001
0 0 0 0
0.049255 0.028259
-1.971436 0.80127 0.102539
0.000978 1 -0.000001
0 0 0 0
0.964111 0.028259
1.847412 0.432617 0.159912
0.000978 -1 -0.000001
0 0 0 0
0.042603 0.00177
1.9375 0.432617 0.159912
0.000978 -1 -0.000001
0 0 0 0
0.021912 0.00177
1.9375 0.432617 0.200439
0.000978 -1 -0.000001
0 0 0 0
0.021912 0.011902
1.847412 0.432617 0.200439
0.000978 -1 -0.000001
0 0 0 0
0.042603 0.011902
-1.971436 0.432617 0.159912
0.000978 -1 -0.000001
0 0 0 0
0.92157 0.00177
-1.971436 0.432617 0.200439
0.000978 -1 -0.000001
0 0 0 0
0.92157 0.011902
-2.0625 0.432617 0.159912
0.000978 -1 -0.000001
0 0 0 0
0.942505 0.00177
-2.0625 0.432617 0.200439
0.000978 -1 -0.000001
0 0 0 0
0.942505 0.011902
1.9375 0.432617 0.159912
1 0.000978 -0.000001
0 0 0 0
0.016357 0.029724
1.9375 0.517822 0.159912
1 0.000978 -0.000001
0 0 0 0
0.016357 0.001526
1.9375 0.517822 0.200439
1 0.000978 -0.000001
0 0 0 0
0.001526 0.001526
1.9375 0.432617 0.200439
1 0.000978 -0.000001
0 0 0 0
0.001526 0.029724
1.847412 0.432617 0.200439
0.001382 0.001382 0.999998
0 0 0 0
0.048096 0.001526
1.9375 0.432617 0.200439
0.001382 0.001382 0.999998
0 0 0 0
0.026917 0.001526
1.9375 0.517822 0.200439
0.001382 0.001382 0.999998
0 0 0 0
0.026917 0.029724
1.847412 0.517822 0.200439
0.001382 0.001382 0.999998
0 0 0 0
0.048096 0.029724
-1.971436 0.432617 0.200439
0.001382 0.001382 0.999998
0 0 0 0
0.947021 0.001526
-1.971436 0.517822 0.200439
0.001382 0.001382 0.999998
0 0 0 0
0.947021 0.029724
-2.0625 0.432617 0.200439
0.001382 0.001382 0.999998
0 0 0 0
0.968506 0.001526
-2.0625 0.517822 0.200439
0.001382 0.001382 0.999998
0 0 0 0
0.968506 0.029724
1.9375 0.517822 0.159912
0.000978 1 -0.000001
0 0 0 0
0.023315 0.012329
1.847412 0.517822 0.200439
0.000978 1 -0.000001
0 0 0 0
0.044983 0.002258
1.9375 0.517822 0.200439
0.000978 1 -0.000001
0 0 0 0
0.023315 0.002258
1.847412 0.517822 0.159912
0.000978 1 -0.000001
0 0 0 0
0.044983 0.012329
-1.971436 0.517822 0.159912
0.000978 1 -0.000001
0 0 0 0
0.964722 0.012329
-1.971436 0.517822 0.200439
0.000978 1 -0.000001
0 0 0 0
0.964722 0.002258
-2.0625 0.517822 0.159912
0.000978 1 -0.000001
0 0 0 0
0.986633 0.012329
-2.0625 0.517822 0.200439
0.000978 1 -0.000001
0 0 0 0
0.986633 0.002258
1.847412 0.517822 0.102539
0.000978 1 -0.000001
0 0 0 0
0.044983 0.026611
-1.971436 0.517822 0.102539
0.000978 1 -0.000001
0 0 0 0
0.964722 0.026611
748
2 1 0
3 2 0
6 5 4
7 6 4
10 9 8
11 10 8
14 13 12
15 14 12
18 17 16
19 18 16
22 21 20
23 22 20
26 25 24
27 26 24
30 29 28
31 30 28
34 33 32
35 34 32
38 37 36
39 38 36
42 41 40
43 42 40
46 45 44
47 46 44
50 49 48
49 51 48
51 52 48
48 52 53
54 48 53
55 54 53
54 55 56
57 54 56
60 59 58
61 60 58
64 63 62
65 64 62
68 67 66
69 68 66
72 71 70
71 73 70
76 75 74
75 77 74
75 78 77
78 75 79
80 78 79
81 80 79
82 81 79
83 82 79
86 85 84
87 86 84
90 89 88
91 90 88
94 93 92
93 95 92
98 97 96
99 98 96
100 99 96
100 96 101
96 102 101
102 103 101
104 103 102
105 104 102
108 107 106
107 109 106
112 111 110
113 112 110
116 115 114
115 117 114
120 119 118
121 120 118
124 123 122
123 125 122
126 122 125
122 126 127
126 128 127
128 129 127
129 130 127
130 131 127
134 133 132
133 135 132
138 137 136
139 138 136
142 141 140
143 142 140
146 145 144
145 147 144
144 147 148
147 149 148
148 149 150
149 151 150
150 151 152
151 153 152
152 153 154
153 155 154
154 155 156
155 157 156
156 157 158
157 159 158
158 159 160
159 161 160
160 161 162
161 163 162
166 165 164
165 167 164
168 164 167
169 168 167
170 168 169
171 170 169
172 170 171
173 172 171
174 172 173
175 174 173
176 174 175
177 176 175
178 176 177
179 178 177
180 178 179
181 180 179
182 180 181
183 182 181
186 185 184
187 186 184
187 184 188
189 187 188
189 188 190
191 189 190
194 193 192
195 194 192
196 195 192
197 196 192
200 199 198
199 201 198
202 201 199
203 202 199
204 202 203
205 204 203
208 207 206
209 208 206
212 211 210
213 212 210
213 210 214
215 213 214
215 214 216
217 215 216
220 219 218
221 220 218
224 223 222
225 224 222
225 222 226
227 225 226
227 226 228
229 227 228
226 222 230
222 231 230
234 233 232
235 234 232
238 237 236
239 238 236
239 236 240
241 239 240
241 240 242
243 241 242
246 245 244
245 247 244
248 247 245
249 248 245
250 248 249
251 250 249
254 253 252
255 254 252
258 257 256
259 258 256
259 256 260
261 259 260
261 260 262
263 261 262
260 256 264
256 265 264
268 267 266
269 268 266
272 271 270
273 272 270
273 270 274
275 273 274
275 274 276
277 275 276
280 279 278
279 281 278
282 281 279
283 282 279
284 282 283
285 284 283
281 282 286
282 287 286
290 289 288
291 290 288
291 288 292
293 291 292
293 292 294
295 293 294
298 297 296
299 298 296
302 301 300
303 302 300
303 300 304
305 303 304
305 304 306
307 305 306
310 309 308
309 311 308
312 311 309
313 312 309
314 312 313
315 314 313
311 312 316
312 317 316
320 319 318
321 320 318
324 323 322
325 324 322
328 327 326
329 328 326
332 331 330
333 332 330
336 335 334
337 336 334
340 339 338
339 341 338
342 341 339
343 342 339
344 342 343
345 344 343
348 347 346
347 349 346
350 346 349
351 350 349
352 350 351
353 352 351
354 352 353
355 354 353
356 354 355
357 356 355
358 356 357
359 358 357
360 358 359
361 360 359
362 360 361
363 362 361
364 362 363
365 364 363
368 367 366
367 369 366
370 369 367
371 370 367
374 373 372
373 375 372
378 377 376
379 378 376
382 381 380
383 382 380
386 385 384
387 386 384
390 389 388
391 390 388
394 393 392
395 394 392
398 397 396
397 399 396
400 399 397
401 400 397
402 400 401
403 402 401
406 405 404
405 407 404
408 404 407
409 408 407
410 408 409
411 410 409
412 410 411
413 412 411
414 412 413
415 414 413
416 414 415
417 416 415
418 416 417
419 418 417
420 418 419
421 420 419
422 420 421
423 422 421
426 425 424
425 427 424
428 427 425
429 428 425
432 431 430
431 433 430
433 434 430
434 435 430
436 435 434
437 436 434
440 439 438
439 441 438
442 441 439
443 442 439
444 442 443
445 444 443
448 447 446
447 449 446
450 446 449
451 450 449
452 450 451
453 452 451
453 451 454
455 453 454
455 454 456
457 455 456
456 454 458
454 459 458
454 451 459
451 449 459
459 449 447
460 459 447
458 459 460
461 458 460
464 463 462
465 464 462
468 467 466
469 468 466
469 466 470
471 469 470
471 470 472
473 471 472
476 475 474
477 476 474
480 479 478
479 481 478
481 482 478
482 483 478
484 483 482
485 484 482
488 487 486
487 489 486
487 490 489
490 491 489
494 493 492
495 494 492
498 497 496
497 499 496
502 501 500
501 503 500
501 504 503
504 505 503
508 507 506
507 509 506
507 510 509
510 511 509
514 513 512
513 515 512
512 515 516
515 517 516
516 517 518
517 519 518
518 519 520
519 521 520
520 521 522
521 523 522
522 523 524
523 525 524
524 525 526
525 527 526
526 527 528
527 529 528
528 529 530
529 531 530
534 533 532
533 535 532
538 537 536
539 538 536
542 541 540
541 543 540
546 545 544
547 546 544
550 549 548
549 551 548
554 553 552
555 554 552
558 557 556
559 558 556
562 561 560
561 563 560
560 563 564
563 565 564
568 567 566
567 569 566
566 569 570
569 571 570
570 571 572
571 573 572
572 573 574
573 575 574
578 577 576
579 578 576
580 578 579
581 580 579
584 583 582
585 584 582
588 587 586
589 588 586
592 591 590
593 592 590
596 595 594
597 596 594
600 599 598
601 600 598
604 603 602
605 604 602
608 607 606
609 608 606
612 611 610
613 612 610
616 615 614
615 617 614
617 618 614
614 618 619
620 614 619
621 620 619
620 621 622
623 620 622
626 625 624
627 626 624
630 629 628
631 630 628
634 633 632
635 634 632
638 637 636
637 639 636
642 641 640
641 643 640
641 644 643
644 641 645
646 644 645
647 646 645
648 647 645
649 648 645
652 651 650
653 652 650
656 655 654
657 656 654
660 659 658
659 661 658
664 663 662
665 664 662
666 665 662
666 662 667
662 668 667
668 669 667
670 669 668
671 670 668
674 673 672
673 675 672
678 677 676
679 678 676
682 681 680
681 683 680
686 685 684
687 686 684
690 689 688
689 691 688
692 688 691
688 692 693
692 694 693
694 695 693
695 696 693
696 697 693
700 699 698
699 701 698
704 703 702
705 704 702
708 707 706
709 708 706
712 711 710
711 713 710
716 715 714
717 716 714
720 719 718
721 720 718
724 723 722
725 724 722
728 727 726
729 728 726
732 731 730
733 732 730
375 734 372
734 735 372
736 735 734
737 736 734
740 739 738
739 741 738
742 741 739
743 742 739
744 742 743
745 744 743
748 747 746
747 749 746
750 746 749
751 750 749
752 750 751
753 752 751
753 751 754
755 753 754
755 754 756
757 755 756
756 754 758
754 759 758
754 751 759
751 749 759
759 749 747
760 759 747
758 759 760
761 758 760
764 763 762
765 764 762
768 767 766
769 768 766
769 766 770
771 769 770
771 770 772
773 771 772
776 775 774
777 776 774
780 779 778
779 781 778
781 782 778
782 783 778
784 783 782
785 784 782
788 787 786
787 789 786
787 790 789
790 791 789
794 793 792
795 794 792
798 797 796
797 799 796
802 801 800
801 803 800
801 804 803
804 805 803
808 807 806
807 809 806
807 810 809
810 811 809
814 813 812
813 815 812
812 815 816
815 817 816
816 817 818
817 819 818
818 819 820
819 821 820
820 821 822
821 823 822
822 823 824
823 825 824
824 825 826
825 827 826
826 827 828
827 829 828
828 829 830
829 831 830
834 833 832
833 835 832
838 837 836
839 838 836
842 841 840
841 843 840
846 845 844
847 846 844
850 849 848
849 851 848
854 853 852
855 854 852
858 857 856
859 858 856
862 861 860
861 863 860
860 863 864
863 865 864
868 867 866
867 869 866
866 869 870
869 871 870
870 871 872
871 873 872
872 873 874
873 875 874
878 877 876
879 878 876
880 878 879
881 880 879
884 883 882
885 884 882
888 887 886
889 888 886
892 891 890
893 892 890
896 895 894
897 896 894
900 899 898
901 900 898
904 903 902
905 904 902
908 907 906
909 908 906
912 911 910
913 912 910
916 915 914
915 917 914
914 917 918
917 919 918
918 919 920
919 921 920
920 921 922
921 923 922
922 923 924
923 925 924
924 925 926
925 927 926
926 927 928
927 929 928
928 929 930
929 931 930
930 931 932
931 933 932
936 935 934
935 937 934
938 934 937
939 938 937
940 938 939
941 940 939
942 940 941
943 942 941
944 942 943
945 944 943
946 944 945
947 946 945
948 946 947
949 948 947
950 948 949
951 950 949
952 950 951
953 952 951
956 955 954
957 956 954
957 954 958
959 957 958
959 958 960
961 959 960
964 963 962
965 964 962
966 965 962
967 966 962
970 969 968
969 971 968
972 971 969
973 972 969
974 972 973
975 974 973
978 977 976
979 978 976
982 981 980
983 982 980
983 980 984
985 983 984
985 984 986
987 985 986
990 989 988
991 990 988
994 993 992
995 994 992
995 992 996
997 995 996
997 996 998
999 997 998
996 992 1000
992 1001 1000
1004 1003 1002
1005 1004 1002
1008 1007 1006
1009 1008 1006
1009 1006 1010
1011 1009 1010
1011 1010 1012
1013 1011 1012
1016 1015 1014
1015 1017 1014
1018 1017 1015
1019 1018 1015
1020 1018 1019
1021 1020 1019
1024 1023 1022
1025 1024 1022
1028 1027 1026
1029 1028 1026
1029 1026 1030
1031 1029 1030
1031 1030 1032
1033 1031 1032
1030 1026 1034
1026 1035 1034
1038 1037 1036
1039 1038 1036
1042 1041 1040
1043 1042 1040
1043 1040 1044
1045 1043 1044
1045 1044 1046
1047 1045 1046
1050 1049 1048
1049 1051 1048
1052 1051 1049
1053 1052 1049
1054 1052 1053
1055 1054 1053
1051 1052 1056
1052 1057 1056
1060 1059 1058
1061 1060 1058
1061 1058 1062
1063 1061 1062
1063 1062 1064
1065 1063 1064
1068 1067 1066
1069 1068 1066
1072 1071 1070
1073 1072 1070
1073 1070 1074
1075 1073 1074
1075 1074 1076
1077 1075 1076
1080 1079 1078
1079 1081 1078
1082 1081 1079
1083 1082 1079
1084 1082 1083
1085 1084 1083
1081 1082 1086
1082 1087 1086
