0
2
sm00_environment\outsourcing\dhruva\os_brooklynandqueensterrain_01\buildings\material\os_bro_building_generic_yellow01.material
1
0
531
-4.720947 0.021973 2.259521
-0.000977 1 0.000001
0 0 0 0
0.835144 0.773438
-4.730469 0.021973 2.25415
-0.000977 1 0.000001
0 0 0 0
0.835144 0.842712
-4.74292 0.021973 2.276855
-0.000977 1 0.000001
0 0 0 0
0.999939 0.842712
-4.733398 0.021973 2.282227
-0.000977 1 0.000001
0 0 0 0
0.999939 0.772949
-4.730469 0.021973 2.25415
-0.873625 0.001192 -0.486598
0 0 0 0
0.001099 0.333191
-4.74292 0.018555 2.276855
-0.873625 0.001192 -0.486598
0 0 0 0
0.43158 0.390564
-4.74292 0.021973 2.276855
-0.873625 0.001192 -0.486598
0 0 0 0
0.43158 0.333191
-4.730469 0.001953 2.25415
-0.873625 0.001192 -0.486598
0 0 0 0
0.001099 0.672913
-4.74292 0.001953 2.276855
-0.873625 0.001192 -0.486598
0 0 0 0
0.43158 0.672913
-4.733398 0.021973 2.282227
-0.485765 -0.001338 0.874089
0 0 0 0
0.349365 0.333191
-4.74292 0.021973 2.276855
-0.485765 -0.001338 0.874089
0 0 0 0
0.178894 0.333191
-4.74292 0.018555 2.276855
-0.485765 -0.001338 0.874089
0 0 0 0
0.178894 0.390503
-4.733398 0.018555 2.282227
-0.485765 -0.001338 0.874089
0 0 0 0
0.349365 0.390503
-4.720947 0.021973 2.259521
0.875182 0.001191 0.483793
0 0 0 0
0.430298 0.333191
-4.733398 0.021973 2.282227
0.875182 0.001191 0.483793
0 0 0 0
-0.000244 0.333191
-4.733398 0.018555 2.282227
0.875182 -0.001191 0.483793
0 0 0 0
-0.000244 0.390503
-4.720947 0.016357 2.259521
0.875182 -0.001191 0.483793
0 0 0 0
0.430298 0.427246
-4.733398 0.016357 2.282227
0.875182 -0.001191 0.483793
0 0 0 0
-0.000244 0.427246
-4.720947 0.016357 2.259521
-0.000979 0.999992 -0.003905
0 0 0 0
-0.175476 0.988342
-4.723877 0.016602 2.287598
-0.000979 0.999992 -0.003905
0 0 0 0
-0.251404 0.851013
-4.711182 0.016357 2.264893
-0.000979 0.999992 -0.003905
0 0 0 0
-0.251404 0.988342
-4.733398 0.016357 2.282227
-0.000979 0.999992 -0.003905
0 0 0 0
-0.175476 0.851013
-4.711182 0.016357 2.264893
0.873625 0.001192 0.486598
0 0 0 0
0.41333 0.675415
-4.723877 0.016602 2.287598
0.873625 0.001192 0.486598
0 0 0 0
0.004578 0.675415
-4.723877 0.001953 2.287598
0.873625 0.001192 0.486598
0 0 0 0
0.004578 0.914368
-4.711182 0.001953 2.264893
0.873625 0.001192 0.486598
0 0 0 0
0.41333 0.914368
-4.720947 0.016357 2.259521
0.485765 0.001338 -0.874089
0 0 0 0
0.160095 0.675354
-4.711182 0.016357 2.264893
0.485765 0.001338 -0.874089
0 0 0 0
0.004639 0.675354
-4.711182 0.001953 2.264893
0.485765 0.001338 -0.874089
0 0 0 0
0.004639 0.913696
-4.720947 0.001953 2.259521
0.485765 0.001338 -0.874089
0 0 0 0
0.160095 0.913696
-4.720215 0.020508 2.27124
-0.000977 1 0.000001
0 0 0 0
-0.150635 0.900146
-4.726562 0.020508 2.282715
-0.000977 1 0.000001
0 0 0 0
-0.007874 0.900146
-4.723389 0.020508 2.284424
-0.000977 1 0.000001
0 0 0 0
-0.007874 0.848267
-4.717041 0.020508 2.273193
-0.000977 1 0.000001
0 0 0 0
-0.150635 0.848267
-4.720215 0.016357 2.27124
-0.875182 0.001191 -0.483793
0 0 0 0
0.207092 0.740051
-4.726562 0.016357 2.282715
-0.875182 0.001191 -0.483793
0 0 0 0
0.411621 0.740051
-4.726562 0.020508 2.282715
-0.875182 0.001191 -0.483793
0 0 0 0
0.411621 0.675598
-4.720215 0.020508 2.27124
-0.875182 0.001191 -0.483793
0 0 0 0
0.207092 0.675598
-4.723389 0.016357 2.284424
-0.483267 0.001339 0.875472
0 0 0 0
0.358032 0.740051
-4.723389 0.020508 2.284424
-0.483267 0.001339 0.875472
0 0 0 0
0.358032 0.675598
-4.726562 0.020508 2.282715
-0.483267 0.001339 0.875472
0 0 0 0
0.30072 0.675598
-4.726562 0.016357 2.282715
-0.483267 0.001339 0.875472
0 0 0 0
0.30072 0.740051
-4.723389 0.016357 2.284424
0.875182 0.001191 0.483793
0 0 0 0
0.207275 0.740051
-4.717041 0.016357 2.273193
0.875182 0.001191 0.483793
0 0 0 0
0.411377 0.740051
-4.717041 0.020508 2.273193
0.875182 0.001191 0.483793
0 0 0 0
0.411377 0.675598
-4.723389 0.020508 2.284424
0.875182 0.001191 0.483793
0 0 0 0
0.207275 0.675598
-4.717041 0.016357 2.273193
0.483267 0.001339 -0.875472
0 0 0 0
0.30072 0.740051
-4.720215 0.016357 2.27124
0.483267 0.001339 -0.875472
0 0 0 0
0.358032 0.740051
-4.720215 0.020508 2.27124
0.483267 0.001339 -0.875472
0 0 0 0
0.358032 0.675598
-4.717041 0.020508 2.273193
0.483267 0.001339 -0.875472
0 0 0 0
0.30072 0.675598
-4.726562 0.024902 2.279541
-0.000977 1 0.000001
0 0 0 0
-0.340271 0.842712
-4.729736 0.024902 2.277832
-0.000977 1 0.000001
0 0 0 0
-0.164856 0.842712
-4.731689 0.024902 2.281494
-0.000977 1 0.000001
0 0 0 0
-0.164856 0.675537
-4.728516 0.024902 2.283203
-0.000977 1 0.000001
0 0 0 0
-0.340271 0.675537
-4.729736 0.016357 2.277832
-0.876731 0.00119 -0.48098
0 0 0 0
-0.416016 0.468933
-4.731689 0.016357 2.281494
-0.876731 0.00119 -0.48098
0 0 0 0
-0.349548 0.468933
-4.731689 0.024902 2.281494
-0.876731 0.00119 -0.48098
0 0 0 0
-0.349548 0.333191
-4.729736 0.024902 2.277832
-0.876731 0.00119 -0.48098
0 0 0 0
-0.416016 0.333191
-4.728516 0.016357 2.283203
-0.485765 0.001338 0.874089
0 0 0 0
0.650452 0.468933
-4.728516 0.024902 2.283203
-0.485765 0.001338 0.874089
0 0 0 0
0.650452 0.333191
-4.731689 0.024902 2.281494
-0.485765 0.001338 0.874089
0 0 0 0
0.583984 0.333191
-4.731689 0.016357 2.281494
-0.485765 0.001338 0.874089
0 0 0 0
0.583984 0.468933
-4.728516 0.016357 2.283203
0.876731 0.00119 0.480979
0 0 0 0
0.517578 0.468933
-4.726562 0.016357 2.279541
0.876731 0.00119 0.480979
0 0 0 0
0.583984 0.468933
-4.726562 0.024902 2.279541
0.876731 0.00119 0.480979
0 0 0 0
0.583984 0.333191
-4.728516 0.024902 2.283203
0.876731 0.00119 0.480979
0 0 0 0
0.517578 0.333191
-4.726562 0.016357 2.279541
0.485765 0.001338 -0.874089
0 0 0 0
0.517578 0.468933
-4.729736 0.016357 2.277832
0.485765 0.001338 -0.874089
0 0 0 0
0.583984 0.468933
-4.729736 0.024902 2.277832
0.485765 0.001338 -0.874089
0 0 0 0
0.583984 0.333191
-4.726562 0.024902 2.279541
0.485765 0.001338 -0.874089
0 0 0 0
0.517578 0.333191
-4.728516 0.023682 2.285889
0.000978 1 0.000001
0 0 0 0
-0.163635 0.801208
-4.742432 0.023682 2.278076
0.000978 1 0.000001
0 0 0 0
0.000671 0.801208
-4.745361 0.023682 2.283447
0.000978 1 0.000001
0 0 0 0
0.000671 0.753357
-4.731445 0.023682 2.29126
0.000978 1 0.000001
0 0 0 0
-0.163635 0.753357
-4.728516 0.018555 2.285889
0.485765 0.001338 -0.874089
0 0 0 0
-0.336426 0.106445
-4.742432 0.018555 2.278076
0.485765 0.001338 -0.874089
0 0 0 0
-0.060059 0.106445
-4.742432 0.023682 2.278076
0.485765 0.001338 -0.874089
0 0 0 0
-0.060059 0.015137
-4.728516 0.023682 2.285889
0.485765 0.001338 -0.874089
0 0 0 0
-0.336426 0.015137
-4.745361 0.018555 2.283447
-0.875182 0.001191 -0.483793
0 0 0 0
-0.049561 0.106445
-4.745361 0.023682 2.283447
-0.875182 0.001191 -0.483793
0 0 0 0
-0.049561 0.015137
-4.742432 0.023682 2.278076
-0.875182 0.001191 -0.483793
0 0 0 0
-0.147217 0.015137
-4.742432 0.018555 2.278076
-0.875182 0.001191 -0.483793
0 0 0 0
-0.147217 0.106445
-4.745361 0.018555 2.283447
-0.485765 0.001338 0.874089
0 0 0 0
0.663574 0.106445
-4.731445 0.018555 2.29126
-0.485765 0.001338 0.874089
0 0 0 0
0.939941 0.106445
-4.731445 0.023682 2.29126
-0.485765 0.001338 0.874089
0 0 0 0
0.939941 0.015137
-4.745361 0.023682 2.283447
-0.485765 0.001338 0.874089
0 0 0 0
0.663574 0.015137
-4.731445 0.018555 2.29126
0.875182 0.001191 0.483793
0 0 0 0
-0.147217 0.106445
-4.728516 0.018555 2.285889
0.875182 0.001191 0.483793
0 0 0 0
-0.049561 0.106445
-4.728516 0.023682 2.285889
0.875182 0.001191 0.483793
0 0 0 0
-0.049561 0.015137
-4.731445 0.023682 2.29126
0.875182 0.001191 0.483793
0 0 0 0
-0.147217 0.015137
-4.732666 0.022217 2.291504
0.000978 1 0.000001
0 0 0 0
-0.162781 0.83844
-4.744873 0.022217 2.284912
0.000978 1 0.000001
0 0 0 0
0.000122 0.83844
-4.74707 0.022217 2.288574
0.000978 1 0.000001
0 0 0 0
0.000122 0.800598
-4.734619 0.022217 2.29541
0.000978 1 0.000001
0 0 0 0
-0.162781 0.800598
-4.732666 0.018555 2.291504
0.485765 0.001338 -0.874089
0 0 0 0
0.25 0.742188
-4.744873 0.018555 2.284912
0.485765 0.001338 -0.874089
0 0 0 0
0.509583 0.742188
-4.744873 0.022217 2.284912
0.485765 0.001338 -0.874089
0 0 0 0
0.509583 0.675415
-4.732666 0.022217 2.291504
0.485765 0.001338 -0.874089
0 0 0 0
0.25 0.675415
-4.74707 0.018555 2.288574
-0.875182 0.001191 -0.483793
0 0 0 0
0.507019 0.742554
-4.74707 0.022217 2.288574
-0.875182 0.001191 -0.483793
0 0 0 0
0.507019 0.675049
-4.744873 0.022217 2.284912
-0.875182 0.001191 -0.483793
0 0 0 0
0.450562 0.675049
-4.744873 0.018555 2.284912
-0.875182 0.001191 -0.483793
0 0 0 0
0.450562 0.742554
-4.74707 0.018555 2.288574
-0.485765 0.001338 0.874089
0 0 0 0
0.25 0.742188
-4.734619 0.018555 2.29541
-0.485765 0.001338 0.874089
0 0 0 0
0.509583 0.742188
-4.734619 0.022217 2.29541
-0.485765 0.001338 0.874089
0 0 0 0
0.509583 0.675415
-4.74707 0.022217 2.288574
-0.485765 0.001338 0.874089
0 0 0 0
0.25 0.675415
-4.734619 0.018555 2.29541
0.875182 0.001191 0.483793
0 0 0 0
0.355286 0.742554
-4.732666 0.018555 2.291504
0.875182 0.001191 0.483793
0 0 0 0
0.411804 0.742554
-4.732666 0.022217 2.291504
0.875182 0.001191 0.483793
0 0 0 0
0.411804 0.675049
-4.734619 0.022217 2.29541
0.875182 0.001191 0.483793
0 0 0 0
0.355286 0.675049
-4.72583 0.024658 2.265381
-0.000977 1 0.000001
0 0 0 0
-0.340271 0.842712
-4.729004 0.024658 2.263672
-0.000977 1 0.000001
0 0 0 0
-0.164856 0.842712
-4.730713 0.024658 2.266846
-0.000977 1 0.000001
0 0 0 0
-0.164856 0.675537
-4.727539 0.024658 2.268555
-0.000977 1 0.000001
0 0 0 0
-0.340271 0.675537
-4.729004 0.024658 2.263672
-0.878273 0.001188 -0.478159
0 0 0 0
-0.403259 0.547546
-4.730713 0.021973 2.266846
-0.878273 0.001188 -0.478159
0 0 0 0
-0.35675 0.583069
-4.730713 0.024658 2.266846
-0.878273 0.001188 -0.478159
0 0 0 0
-0.35675 0.547546
-4.729004 0.021973 2.263672
-0.878273 0.001188 -0.478159
0 0 0 0
-0.403259 0.583069
-4.727539 0.021973 2.268555
-0.485765 0.001338 0.874089
0 0 0 0
-0.403259 0.583069
-4.727539 0.024658 2.268555
-0.485765 0.001338 0.874089
0 0 0 0
-0.403259 0.547546
-4.730713 0.024658 2.266846
-0.485765 0.001338 0.874089
0 0 0 0
-0.449829 0.547546
-4.730713 0.021973 2.266846
-0.485765 0.001338 0.874089
0 0 0 0
-0.449829 0.583069
-4.727539 0.021973 2.268555
0.878273 0.001188 0.478159
0 0 0 0
0.550171 0.583069
-4.72583 0.021973 2.265381
0.878273 0.001188 0.478159
0 0 0 0
0.596741 0.583069
-4.72583 0.024658 2.265381
0.878273 0.001188 0.478159
0 0 0 0
0.596741 0.547546
-4.727539 0.024658 2.268555
0.878273 0.001188 0.478159
0 0 0 0
0.550171 0.547546
-4.72583 0.021973 2.265381
0.485765 0.001338 -0.874089
0 0 0 0
0.596741 0.583069
-4.729004 0.021973 2.263672
0.485765 0.001338 -0.874089
0 0 0 0
0.64325 0.583069
-4.729004 0.024658 2.263672
0.485765 0.001338 -0.874089
0 0 0 0
0.64325 0.547546
-4.72583 0.024658 2.265381
0.485765 0.001338 -0.874089
0 0 0 0
0.596741 0.547546
-4.732178 0.023926 2.274658
-0.000977 1 0.000001
0 0 0 0
0.659729 0.842712
-4.734375 0.023926 2.273438
-0.000977 1 0.000001
0 0 0 0
0.835144 0.842712
-4.735596 0.023926 2.275635
-0.000977 1 0.000001
0 0 0 0
0.835144 0.675537
-4.733398 0.023926 2.276855
-0.000977 1 0.000001
0 0 0 0
0.659729 0.675537
-4.734375 0.023926 2.273438
-0.878273 0.001188 -0.478159
0 0 0 0
-0.407837 0.332581
-4.735596 0.021973 2.275635
-0.878273 0.001188 -0.478159
0 0 0 0
-0.341431 0.376587
-4.735596 0.023926 2.275635
-0.878273 0.001188 -0.478159
0 0 0 0
-0.341431 0.332581
-4.734375 0.021973 2.273438
-0.878273 0.001188 -0.478159
0 0 0 0
-0.407837 0.376587
-4.733398 0.021973 2.276855
-0.485765 0.001338 0.874089
0 0 0 0
0.592163 0.376587
-4.733398 0.023926 2.276855
-0.485765 0.001338 0.874089
0 0 0 0
0.592163 0.332581
-4.735596 0.023926 2.275635
-0.485765 0.001338 0.874089
0 0 0 0
0.524658 0.332581
-4.735596 0.021973 2.275635
-0.485765 0.001338 0.874089
0 0 0 0
0.524658 0.376587
-4.733398 0.021973 2.276855
0.878273 0.001188 0.478159
0 0 0 0
-0.407837 0.376587
-4.732178 0.021973 2.274658
0.878273 0.001188 0.478159
0 0 0 0
-0.341431 0.376587
-4.732178 0.023926 2.274658
0.878273 0.001188 0.478159
0 0 0 0
-0.341431 0.332581
-4.733398 0.023926 2.276855
0.878273 0.001188 0.478159
0 0 0 0
-0.407837 0.332581
-4.732178 0.021973 2.274658
0.485765 0.001338 -0.874089
0 0 0 0
0.524658 0.376587
-4.734375 0.021973 2.273438
0.485765 0.001338 -0.874089
0 0 0 0
0.592163 0.376587
-4.734375 0.023926 2.273438
0.485765 0.001338 -0.874089
0 0 0 0
0.592163 0.332581
-4.732178 0.023926 2.274658
0.485765 0.001338 -0.874089
0 0 0 0
0.524658 0.332581
-4.733398 0.018555 2.282227
-0.000977 1 -0.000001
0 0 0 0
0.746643 0.999878
-4.74292 0.018555 2.276855
-0.000977 1 0.000001
0 0 0 0
0.835144 0.999878
-4.750732 0.018555 2.290527
-0.000977 1 0.000001
0 0 0 0
0.835144 0.842712
-4.731445 0.018555 2.30127
-0.000977 1 -0.000001
0 0 0 0
0.659363 0.842712
-4.723877 0.018555 2.287598
0.000978 1 -0.000001
0 0 0 0
0.659363 0.999878
-4.750732 0.018555 2.290527
-0.873625 0.001192 -0.486598
0 0 0 0
0.414185 0.675415
-4.74292 0.018555 2.276855
-0.873625 0.001192 -0.486598
0 0 0 0
0.164856 0.675415
-4.74292 0.001953 2.276855
-0.873625 0.001192 -0.486598
0 0 0 0
0.164856 0.914368
-4.750732 0.001953 2.290527
-0.873625 0.001192 -0.486598
0 0 0 0
0.414185 0.914368
-4.731445 0.001953 2.30127
-0.485765 0.001338 0.874089
0 0 0 0
0.515991 0.914185
-4.731445 0.018555 2.30127
-0.485765 0.001338 0.874089
0 0 0 0
0.515991 0.675415
-4.750732 0.018555 2.290527
-0.485765 0.001338 0.874089
0 0 0 0
0.205383 0.675415
-4.750732 0.001953 2.290527
-0.485765 0.001338 0.874089
0 0 0 0
0.205383 0.914185
-4.723877 0.016602 2.287598
0.873625 0.001192 0.486598
0 0 0 0
0.253296 0.704651
-4.731445 0.001953 2.30127
0.873625 0.001192 0.486598
0 0 0 0
0.003967 0.914368
-4.723877 0.001953 2.287598
0.873625 0.001192 0.486598
0 0 0 0
0.253296 0.914368
-4.731445 0.018555 2.30127
0.873625 0.001192 0.486598
0 0 0 0
0.003967 0.675415
-4.723877 0.018555 2.287598
0.873625 0.001192 0.486598
0 0 0 0
0.253296 0.675415
-4.720947 0.016357 2.259521
0.485765 0.001338 -0.874089
0 0 0 0
0.006042 0.426941
-4.730469 0.021973 2.25415
0.485765 0.001338 -0.874089
0 0 0 0
0.178162 0.33313
-4.720947 0.021973 2.259521
0.485765 0.001338 -0.874089
0 0 0 0
0.006042 0.33313
-4.730469 0.001953 2.25415
0.485765 0.001338 -0.874089
0 0 0 0
0.178162 0.671936
-4.720947 0.001953 2.259521
0.485765 0.001338 -0.874089
0 0 0 0
0.006042 0.671936
-4.733398 0.018555 2.282227
0.485765 0.001338 -0.874089
0 0 0 0
0.15979 0.675537
-4.723877 0.018555 2.287598
0.485765 0.001338 -0.874089
0 0 0 0
0.004517 0.675537
-4.723877 0.016602 2.287598
0.485765 0.001338 -0.874089
0 0 0 0
0.004517 0.705322
-4.733398 0.016357 2.282227
0.485765 0.001338 -0.874089
0 0 0 0
0.15979 0.705322
-4.681152 0.028076 2.248291
-0.000977 1 0.000001
0 0 0 0
0.835144 0.773438
-4.693604 0.028076 2.241211
-0.000977 1 0.000001
0 0 0 0
0.835144 0.842712
-4.710205 0.028076 2.270996
-0.000977 1 0.000001
0 0 0 0
0.999939 0.842712
-4.69751 0.028076 2.277832
-0.000977 1 0.000001
0 0 0 0
0.999939 0.772949
-4.693604 0.028076 2.241211
-0.873625 0.001192 -0.486598
0 0 0 0
0.001099 0.333191
-4.710205 0.023682 2.270996
-0.873625 0.001192 -0.486598
0 0 0 0
0.43158 0.390564
-4.710205 0.028076 2.270996
-0.873625 0.001192 -0.486598
0 0 0 0
0.43158 0.333191
-4.693604 0.001953 2.241211
-0.873625 0.001192 -0.486598
0 0 0 0
0.001099 0.672913
-4.710205 0.001953 2.270996
-0.873625 0.001192 -0.486598
0 0 0 0
0.43158 0.672913
-4.69751 0.028076 2.277832
-0.485765 -0.001338 0.874089
0 0 0 0
0.349365 0.333191
-4.710205 0.028076 2.270996
-0.485765 -0.001338 0.874089
0 0 0 0
0.178894 0.333191
-4.710205 0.023682 2.270996
-0.485765 -0.001338 0.874089
0 0 0 0
0.178894 0.390503
-4.69751 0.023682 2.277832
-0.485765 -0.001338 0.874089
0 0 0 0
0.349365 0.390503
-4.681152 0.028076 2.248291
0.875182 0.001191 0.483793
0 0 0 0
0.430298 0.333191
-4.69751 0.028076 2.277832
0.875182 0.001191 0.483793
0 0 0 0
-0.000244 0.333191
-4.69751 0.023682 2.277832
0.875182 -0.001191 0.483793
0 0 0 0
-0.000244 0.390503
-4.681152 0.020996 2.248291
0.875182 -0.001191 0.483793
0 0 0 0
0.430298 0.427246
-4.69751 0.020996 2.277832
0.875182 -0.001191 0.483793
0 0 0 0
-0.000244 0.427246
-4.681152 0.020996 2.248291
-0.000979 0.999992 -0.003905
0 0 0 0
-0.175476 0.988342
-4.685059 0.020996 2.284912
-0.000979 0.999992 -0.003905
0 0 0 0
-0.251404 0.851013
-4.668457 0.020996 2.255371
-0.000979 0.999992 -0.003905
0 0 0 0
-0.251404 0.988342
-4.69751 0.020996 2.277832
-0.000979 0.999992 -0.003905
0 0 0 0
-0.175476 0.851013
-4.668457 0.020996 2.255371
0.873625 0.001192 0.486598
0 0 0 0
0.41333 0.675415
-4.685059 0.020996 2.284912
0.873625 0.001192 0.486598
0 0 0 0
0.004578 0.675415
-4.685059 0.001953 2.284912
0.873625 0.001192 0.486598
0 0 0 0
0.004578 0.914368
-4.668457 0.001953 2.255371
0.873625 0.001192 0.486598
0 0 0 0
0.41333 0.914368
-4.681152 0.020996 2.248291
0.485765 0.001338 -0.874089
0 0 0 0
0.160095 0.675354
-4.668457 0.020996 2.255371
0.485765 0.001338 -0.874089
0 0 0 0
0.004639 0.675354
-4.668457 0.001953 2.255371
0.485765 0.001338 -0.874089
0 0 0 0
0.004639 0.913696
-4.681152 0.001953 2.248291
0.485765 0.001338 -0.874089
0 0 0 0
0.160095 0.913696
-4.68042 0.026123 2.263672
-0.000977 1 0.000001
0 0 0 0
-0.150635 0.900146
-4.688721 0.026123 2.278564
-0.000977 1 0.000001
0 0 0 0
-0.007874 0.900146
-4.68457 0.026123 2.280762
-0.000977 1 0.000001
0 0 0 0
-0.007874 0.848267
-4.67627 0.026123 2.266113
-0.000977 1 0.000001
0 0 0 0
-0.150635 0.848267
-4.68042 0.020996 2.263672
-0.875182 0.001191 -0.483793
0 0 0 0
0.207092 0.740051
-4.688721 0.020996 2.278564
-0.875182 0.001191 -0.483793
0 0 0 0
0.411621 0.740051
-4.688721 0.026123 2.278564
-0.875182 0.001191 -0.483793
0 0 0 0
0.411621 0.675598
-4.68042 0.026123 2.263672
-0.875182 0.001191 -0.483793
0 0 0 0
0.207092 0.675598
-4.68457 0.020996 2.280762
-0.483267 0.001339 0.875472
0 0 0 0
0.358032 0.740051
-4.68457 0.026123 2.280762
-0.483267 0.001339 0.875472
0 0 0 0
0.358032 0.675598
-4.688721 0.026123 2.278564
-0.483267 0.001339 0.875472
0 0 0 0
0.30072 0.675598
-4.688721 0.020996 2.278564
-0.483267 0.001339 0.875472
0 0 0 0
0.30072 0.740051
-4.68457 0.020996 2.280762
0.875182 0.001191 0.483793
0 0 0 0
0.207275 0.740051
-4.67627 0.020996 2.266113
0.875182 0.001191 0.483793
0 0 0 0
0.411377 0.740051
-4.67627 0.026123 2.266113
0.875182 0.001191 0.483793
0 0 0 0
0.411377 0.675598
-4.68457 0.026123 2.280762
0.875182 0.001191 0.483793
0 0 0 0
0.207275 0.675598
-4.67627 0.020996 2.266113
0.483267 0.001339 -0.875472
0 0 0 0
0.30072 0.740051
-4.68042 0.020996 2.263672
0.483267 0.001339 -0.875472
0 0 0 0
0.358032 0.740051
-4.68042 0.026123 2.263672
0.483267 0.001339 -0.875472
0 0 0 0
0.358032 0.675598
-4.67627 0.026123 2.266113
0.483267 0.001339 -0.875472
0 0 0 0
0.30072 0.675598
-4.688477 0.031982 2.274414
-0.000977 1 0.000001
0 0 0 0
-0.340271 0.842712
-4.692627 0.031982 2.272217
-0.000977 1 0.000001
0 0 0 0
-0.164856 0.842712
-4.695312 0.031982 2.276855
-0.000977 1 0.000001
0 0 0 0
-0.164856 0.675537
-4.691162 0.031982 2.279297
-0.000977 1 0.000001
0 0 0 0
-0.340271 0.675537
-4.692627 0.031982 2.272217
-0.876731 0.00119 -0.48098
0 0 0 0
-0.416016 0.333191
-4.695312 0.020996 2.276855
-0.876731 0.00119 -0.48098
0 0 0 0
-0.349548 0.468933
-4.695312 0.031982 2.276855
-0.876731 0.00119 -0.48098
0 0 0 0
-0.349548 0.333191
-4.692627 0.020996 2.272217
-0.876731 0.00119 -0.48098
0 0 0 0
-0.416016 0.468933
-4.691162 0.020996 2.279297
-0.485765 0.001338 0.874089
0 0 0 0
0.650452 0.468933
-4.691162 0.031982 2.279297
-0.485765 0.001338 0.874089
0 0 0 0
0.650452 0.333191
-4.695312 0.031982 2.276855
-0.485765 0.001338 0.874089
0 0 0 0
0.583984 0.333191
-4.695312 0.020996 2.276855
-0.485765 0.001338 0.874089
0 0 0 0
0.583984 0.468933
-4.691162 0.020996 2.279297
0.876731 0.00119 0.480979
0 0 0 0
0.517578 0.468933
-4.688477 0.020996 2.274414
0.876731 0.00119 0.480979
0 0 0 0
0.583984 0.468933
-4.688477 0.031982 2.274414
0.876731 0.00119 0.480979
0 0 0 0
0.583984 0.333191
-4.691162 0.031982 2.279297
0.876731 0.00119 0.480979
0 0 0 0
0.517578 0.333191
-4.688477 0.020996 2.274414
0.485765 0.001338 -0.874089
0 0 0 0
0.517578 0.468933
-4.692627 0.020996 2.272217
0.485765 0.001338 -0.874089
0 0 0 0
0.583984 0.468933
-4.692627 0.031982 2.272217
0.485765 0.001338 -0.874089
0 0 0 0
0.583984 0.333191
-4.688477 0.031982 2.274414
0.485765 0.001338 -0.874089
0 0 0 0
0.517578 0.333191
-4.691162 0.030273 2.282715
0.000978 1 0.000001
0 0 0 0
-0.163635 0.801208
-4.709473 0.030273 2.272705
0.000978 1 0.000001
0 0 0 0
0.000671 0.801208
-4.713379 0.030273 2.279541
0.000978 1 0.000001
0 0 0 0
0.000671 0.753357
-4.695068 0.030273 2.289795
0.000978 1 0.000001
0 0 0 0
-0.163635 0.753357
-4.691162 0.023682 2.282715
0.485765 0.001338 -0.874089
0 0 0 0
-0.336426 0.106445
-4.709473 0.023682 2.272705
0.485765 0.001338 -0.874089
0 0 0 0
-0.060059 0.106445
-4.709473 0.030273 2.272705
0.485765 0.001338 -0.874089
0 0 0 0
-0.060059 0.015137
-4.691162 0.030273 2.282715
0.485765 0.001338 -0.874089
0 0 0 0
-0.336426 0.015137
-4.713379 0.023682 2.279541
-0.875182 0.001191 -0.483793
0 0 0 0
-0.049561 0.106445
-4.713379 0.030273 2.279541
-0.875182 0.001191 -0.483793
0 0 0 0
-0.049561 0.015137
-4.709473 0.030273 2.272705
-0.875182 0.001191 -0.483793
0 0 0 0
-0.147217 0.015137
-4.709473 0.023682 2.272705
-0.875182 0.001191 -0.483793
0 0 0 0
-0.147217 0.106445
-4.713379 0.023682 2.279541
-0.485765 0.001338 0.874089
0 0 0 0
0.663574 0.106445
-4.695068 0.023682 2.289795
-0.485765 0.001338 0.874089
0 0 0 0
0.939941 0.106445
-4.695068 0.030273 2.289795
-0.485765 0.001338 0.874089
0 0 0 0
0.939941 0.015137
-4.713379 0.030273 2.279541
-0.485765 0.001338 0.874089
0 0 0 0
0.663574 0.015137
-4.695068 0.023682 2.289795
0.875182 0.001191 0.483793
0 0 0 0
-0.147217 0.106445
-4.691162 0.023682 2.282715
0.875182 0.001191 0.483793
0 0 0 0
-0.049561 0.106445
-4.691162 0.030273 2.282715
0.875182 0.001191 0.483793
0 0 0 0
-0.049561 0.015137
-4.695068 0.030273 2.289795
0.875182 0.001191 0.483793
0 0 0 0
-0.147217 0.015137
-4.696533 0.028564 2.290283
0.000978 1 0.000001
0 0 0 0
-0.162781 0.83844
-4.712646 0.028564 2.281494
0.000978 1 0.000001
0 0 0 0
0.000122 0.83844
-4.715332 0.028564 2.286377
0.000978 1 0.000001
0 0 0 0
0.000122 0.800598
-4.699219 0.028564 2.295166
0.000978 1 0.000001
0 0 0 0
-0.162781 0.800598
-4.696533 0.023682 2.290283
0.485765 0.001338 -0.874089
0 0 0 0
0.25 0.742188
-4.712646 0.023682 2.281494
0.485765 0.001338 -0.874089
0 0 0 0
0.509583 0.742188
-4.712646 0.028564 2.281494
0.485765 0.001338 -0.874089
0 0 0 0
0.509583 0.675415
-4.696533 0.028564 2.290283
0.485765 0.001338 -0.874089
0 0 0 0
0.25 0.675415
-4.715332 0.023682 2.286377
-0.875182 0.001191 -0.483793
0 0 0 0
0.507019 0.742554
-4.715332 0.028564 2.286377
-0.875182 0.001191 -0.483793
0 0 0 0
0.507019 0.675049
-4.712646 0.028564 2.281494
-0.875182 0.001191 -0.483793
0 0 0 0
0.450562 0.675049
-4.712646 0.023682 2.281494
-0.875182 0.001191 -0.483793
0 0 0 0
0.450562 0.742554
-4.715332 0.023682 2.286377
-0.485765 0.001338 0.874089
0 0 0 0
0.25 0.742188
-4.699219 0.023682 2.295166
-0.485765 0.001338 0.874089
0 0 0 0
0.509583 0.742188
-4.699219 0.028564 2.295166
-0.485765 0.001338 0.874089
0 0 0 0
0.509583 0.675415
-4.715332 0.028564 2.286377
-0.485765 0.001338 0.874089
0 0 0 0
0.25 0.675415
-4.699219 0.023682 2.295166
0.875182 0.001191 0.483793
0 0 0 0
0.355286 0.742554
-4.696533 0.023682 2.290283
0.875182 0.001191 0.483793
0 0 0 0
0.411804 0.742554
-4.696533 0.028564 2.290283
0.875182 0.001191 0.483793
0 0 0 0
0.411804 0.675049
-4.699219 0.028564 2.295166
0.875182 0.001191 0.483793
0 0 0 0
0.355286 0.675049
-4.6875 0.031738 2.256104
-0.000977 1 0.000001
0 0 0 0
-0.340271 0.842712
-4.69165 0.031738 2.253662
-0.000977 1 0.000001
0 0 0 0
-0.164856 0.842712
-4.694092 0.031738 2.257812
-0.000977 1 0.000001
0 0 0 0
-0.164856 0.675537
-4.689941 0.031738 2.260254
-0.000977 1 0.000001
0 0 0 0
-0.340271 0.675537
-4.69165 0.031738 2.253662
-0.878273 0.001188 -0.478159
0 0 0 0
-0.403259 0.547546
-4.694092 0.028076 2.257812
-0.878273 0.001188 -0.478159
0 0 0 0
-0.35675 0.583069
-4.694092 0.031738 2.257812
-0.878273 0.001188 -0.478159
0 0 0 0
-0.35675 0.547546
-4.69165 0.028076 2.253662
-0.878273 0.001188 -0.478159
0 0 0 0
-0.403259 0.583069
-4.689941 0.028076 2.260254
-0.485765 0.001338 0.874089
0 0 0 0
-0.403259 0.583069
-4.689941 0.031738 2.260254
-0.485765 0.001338 0.874089
0 0 0 0
-0.403259 0.547546
-4.694092 0.031738 2.257812
-0.485765 0.001338 0.874089
0 0 0 0
-0.449829 0.547546
-4.694092 0.028076 2.257812
-0.485765 0.001338 0.874089
0 0 0 0
-0.449829 0.583069
-4.689941 0.028076 2.260254
0.878273 0.001188 0.478159
0 0 0 0
0.550171 0.583069
-4.6875 0.028076 2.256104
0.878273 0.001188 0.478159
0 0 0 0
0.596741 0.583069
-4.6875 0.031738 2.256104
0.878273 0.001188 0.478159
0 0 0 0
0.596741 0.547546
-4.689941 0.031738 2.260254
0.878273 0.001188 0.478159
0 0 0 0
0.550171 0.547546
-4.6875 0.028076 2.256104
0.485765 0.001338 -0.874089
0 0 0 0
0.596741 0.583069
-4.69165 0.028076 2.253662
0.485765 0.001338 -0.874089
0 0 0 0
0.64325 0.583069
-4.69165 0.031738 2.253662
0.485765 0.001338 -0.874089
0 0 0 0
0.64325 0.547546
-4.6875 0.031738 2.256104
0.485765 0.001338 -0.874089
0 0 0 0
0.596741 0.547546
-4.696045 0.030762 2.268066
-0.000977 1 0.000001
0 0 0 0
0.659729 0.842712
-4.69873 0.030762 2.266602
-0.000977 1 0.000001
0 0 0 0
0.835144 0.842712
-4.700439 0.030762 2.269287
-0.000977 1 0.000001
0 0 0 0
0.835144 0.675537
-4.69751 0.030762 2.270996
-0.000977 1 0.000001
0 0 0 0
0.659729 0.675537
-4.69873 0.030762 2.266602
-0.878273 0.001188 -0.478159
0 0 0 0
-0.407837 0.332581
-4.700439 0.028076 2.269287
-0.878273 0.001188 -0.478159
0 0 0 0
-0.341431 0.376587
-4.700439 0.030762 2.269287
-0.878273 0.001188 -0.478159
0 0 0 0
-0.341431 0.332581
-4.69873 0.028076 2.266602
-0.878273 0.001188 -0.478159
0 0 0 0
-0.407837 0.376587
-4.69751 0.028076 2.270996
-0.485765 0.001338 0.874089
0 0 0 0
0.592163 0.376587
-4.69751 0.030762 2.270996
-0.485765 0.001338 0.874089
0 0 0 0
0.592163 0.332581
-4.700439 0.030762 2.269287
-0.485765 0.001338 0.874089
0 0 0 0
0.524658 0.332581
-4.700439 0.028076 2.269287
-0.485765 0.001338 0.874089
0 0 0 0
0.524658 0.376587
-4.69751 0.028076 2.270996
0.878273 0.001188 0.478159
0 0 0 0
-0.407837 0.376587
-4.696045 0.028076 2.268066
0.878273 0.001188 0.478159
0 0 0 0
-0.341431 0.376587
-4.696045 0.030762 2.268066
0.878273 0.001188 0.478159
0 0 0 0
-0.341431 0.332581
-4.69751 0.030762 2.270996
0.878273 0.001188 0.478159
0 0 0 0
-0.407837 0.332581
-4.696045 0.028076 2.268066
0.485765 0.001338 -0.874089
0 0 0 0
0.524658 0.376587
-4.69873 0.028076 2.266602
0.485765 0.001338 -0.874089
0 0 0 0
0.592163 0.376587
-4.69873 0.030762 2.266602
0.485765 0.001338 -0.874089
0 0 0 0
0.592163 0.332581
-4.696045 0.030762 2.268066
0.485765 0.001338 -0.874089
0 0 0 0
0.524658 0.332581
-4.69751 0.023682 2.277832
-0.000977 1 -0.000001
0 0 0 0
0.746643 0.999878
-4.710205 0.023682 2.270996
-0.000977 1 0.000001
0 0 0 0
0.835144 0.999878
-4.720215 0.023682 2.289062
-0.000977 1 0.000001
0 0 0 0
0.835144 0.842712
-4.695068 0.023682 2.302979
-0.000977 1 -0.000001
0 0 0 0
0.659363 0.842712
-4.685059 0.023682 2.284912
0.000978 1 -0.000001
0 0 0 0
0.659363 0.999878
-4.720215 0.023682 2.289062
-0.873625 0.001192 -0.486598
0 0 0 0
0.414185 0.675415
-4.710205 0.023682 2.270996
-0.873625 0.001192 -0.486598
0 0 0 0
0.164856 0.675415
-4.710205 0.001953 2.270996
-0.873625 0.001192 -0.486598
0 0 0 0
0.164856 0.914368
-4.720215 0.001953 2.289062
-0.873625 0.001192 -0.486598
0 0 0 0
0.414185 0.914368
-4.695068 0.001953 2.302979
-0.485765 0.001338 0.874089
0 0 0 0
0.515991 0.914185
-4.695068 0.023682 2.302979
-0.485765 0.001338 0.874089
0 0 0 0
0.515991 0.675415
-4.720215 0.023682 2.289062
-0.485765 0.001338 0.874089
0 0 0 0
0.205383 0.675415
-4.720215 0.001953 2.289062
-0.485765 0.001338 0.874089
0 0 0 0
0.205383 0.914185
-4.685059 0.020996 2.284912
0.873625 0.001192 0.486598
0 0 0 0
0.253296 0.704651
-4.695068 0.001953 2.302979
0.873625 0.001192 0.486598
0 0 0 0
0.003967 0.914368
-4.685059 0.001953 2.284912
0.873625 0.001192 0.486598
0 0 0 0
0.253296 0.914368
-4.695068 0.023682 2.302979
0.873625 0.001192 0.486598
0 0 0 0
0.003967 0.675415
-4.685059 0.023682 2.284912
0.873625 0.001192 0.486598
0 0 0 0
0.253296 0.675415
-4.681152 0.020996 2.248291
0.485765 0.001338 -0.874089
0 0 0 0
0.006042 0.426941
-4.693604 0.028076 2.241211
0.485765 0.001338 -0.874089
0 0 0 0
0.178162 0.33313
-4.681152 0.028076 2.248291
0.485765 0.001338 -0.874089
0 0 0 0
0.006042 0.33313
-4.693604 0.001953 2.241211
0.485765 0.001338 -0.874089
0 0 0 0
0.178162 0.671936
-4.681152 0.001953 2.248291
0.485765 0.001338 -0.874089
0 0 0 0
0.006042 0.671936
-4.69751 0.023682 2.277832
0.485765 0.001338 -0.874089
0 0 0 0
0.15979 0.675537
-4.685059 0.023682 2.284912
0.485765 0.001338 -0.874089
0 0 0 0
0.004517 0.675537
-4.685059 0.020996 2.284912
0.485765 0.001338 -0.874089
0 0 0 0
0.004517 0.705322
-4.69751 0.020996 2.277832
0.485765 0.001338 -0.874089
0 0 0 0
0.15979 0.705322
-4.88501 0.028076 2.295898
-0.000977 1 -0.000001
0 0 0 0
0.835144 0.773438
-4.893555 0.028076 2.307373
-0.000977 1 -0.000001
0 0 0 0
0.835144 0.842712
-4.866699 0.028076 2.327881
-0.000977 1 -0.000001
0 0 0 0
0.999939 0.842712
-4.85791 0.028076 2.31665
-0.000977 1 -0.000001
0 0 0 0
0.999939 0.772949
-4.893555 0.028076 2.307373
-0.61103 0.001308 0.791606
0 0 0 0
0.001099 0.333191
-4.866699 0.023682 2.327881
-0.61103 0.001308 0.791606
0 0 0 0
0.43158 0.390564
-4.866699 0.028076 2.327881
-0.61103 0.001308 0.791606
0 0 0 0
0.43158 0.333191
-4.893555 0.001953 2.307373
-0.61103 0.001308 0.791606
0 0 0 0
0.001099 0.672913
-4.866699 0.001953 2.327881
-0.61103 0.001308 0.791606
0 0 0 0
0.43158 0.672913
-4.85791 0.028076 2.31665
0.79253 -0.00124 0.609832
0 0 0 0
0.349365 0.333191
-4.866699 0.028076 2.327881
0.79253 -0.00124 0.609832
0 0 0 0
0.178894 0.333191
-4.866699 0.023682 2.327881
0.79253 -0.00124 0.609832
0 0 0 0
0.178894 0.390503
-4.85791 0.023682 2.31665
0.79253 -0.00124 0.609832
0 0 0 0
0.349365 0.390503
-4.88501 0.028076 2.295898
0.608716 0.001309 -0.793387
0 0 0 0
0.430298 0.333191
-4.85791 0.028076 2.31665
0.608716 0.001309 -0.793387
0 0 0 0
-0.000244 0.333191
-4.85791 0.023682 2.31665
0.608716 -0.001309 -0.793387
0 0 0 0
-0.000244 0.390503
-4.88501 0.020752 2.295898
0.608716 -0.001309 -0.793387
0 0 0 0
0.430298 0.427246
-4.85791 0.020752 2.31665
0.608716 -0.001309 -0.793387
0 0 0 0
-0.000244 0.427246
-4.85791 0.023682 2.31665
-0.79253 0.00124 -0.609832
0 0 0 0
0.15979 0.675537
-4.849121 0.020996 2.305176
-0.79253 0.00124 -0.609832
0 0 0 0
0.004517 0.705322
-4.85791 0.020752 2.31665
-0.79253 0.00124 -0.609832
0 0 0 0
0.15979 0.705322
-4.849121 0.023682 2.305176
-0.79253 0.00124 -0.609832
0 0 0 0
0.004517 0.675537
-4.88501 0.020752 2.295898
-0.002933 0.999996 -0.000009
0 0 0 0
-0.175476 0.988342
-4.85791 0.020752 2.31665
-0.002933 0.999996 -0.000009
0 0 0 0
-0.175476 0.851013
-4.849121 0.020996 2.305176
-0.002933 0.999996 -0.000009
0 0 0 0
-0.251404 0.851013
-4.875977 0.020752 2.284668
-0.002933 0.999996 -0.000009
0 0 0 0
-0.251404 0.988342
-4.875977 0.020752 2.284668
0.61103 0.001308 -0.791606
0 0 0 0
0.41333 0.675415
-4.849121 0.020996 2.305176
0.61103 0.001308 -0.791606
0 0 0 0
0.004578 0.675415
-4.849121 0.001953 2.305176
0.61103 0.001308 -0.791606
0 0 0 0
0.004578 0.914368
-4.875977 0.001953 2.284668
0.61103 0.001308 -0.791606
0 0 0 0
0.41333 0.914368
-4.88501 0.020752 2.295898
-0.79253 0.00124 -0.609832
0 0 0 0
0.160095 0.675354
-4.875977 0.020752 2.284668
-0.79253 0.00124 -0.609832
0 0 0 0
0.004639 0.675354
-4.875977 0.001953 2.284668
-0.79253 0.00124 -0.609832
0 0 0 0
0.004639 0.913696
-4.88501 0.001953 2.295898
-0.79253 0.00124 -0.609832
0 0 0 0
0.160095 0.913696
-4.869385 0.026123 2.297607
-0.000977 1 -0.000001
0 0 0 0
-0.150635 0.900146
-4.855957 0.026123 2.307861
-0.000977 1 -0.000001
0 0 0 0
-0.007874 0.900146
-4.853027 0.026123 2.303955
-0.000977 1 -0.000001
0 0 0 0
-0.007874 0.848267
-4.866455 0.026123 2.293701
-0.000977 1 -0.000001
0 0 0 0
-0.150635 0.848267
-4.869385 0.026123 2.297607
-0.608716 0.001309 0.793387
0 0 0 0
0.207092 0.675598
-4.855957 0.020752 2.307861
-0.608716 0.001309 0.793387
0 0 0 0
0.411621 0.740051
-4.855957 0.026123 2.307861
-0.608716 0.001309 0.793387
0 0 0 0
0.411621 0.675598
-4.869385 0.020752 2.297607
-0.608716 0.001309 0.793387
0 0 0 0
0.207092 0.740051
-4.853027 0.020752 2.303955
0.794406 0.001239 0.607386
0 0 0 0
0.358032 0.740051
-4.853027 0.026123 2.303955
0.794406 0.001239 0.607386
0 0 0 0
0.358032 0.675598
-4.855957 0.026123 2.307861
0.794406 0.001239 0.607386
0 0 0 0
0.30072 0.675598
-4.855957 0.020752 2.307861
0.794406 0.001239 0.607386
0 0 0 0
0.30072 0.740051
-4.853027 0.020752 2.303955
0.608716 0.001309 -0.793387
0 0 0 0
0.207275 0.740051
-4.866455 0.020752 2.293701
0.608716 0.001309 -0.793387
0 0 0 0
0.411377 0.740051
-4.866455 0.026123 2.293701
0.608716 0.001309 -0.793387
0 0 0 0
0.411377 0.675598
-4.853027 0.026123 2.303955
0.608716 0.001309 -0.793387
0 0 0 0
0.207275 0.675598
-4.866455 0.020752 2.293701
-0.794406 0.001239 -0.607386
0 0 0 0
0.30072 0.740051
-4.869385 0.020752 2.297607
-0.794406 0.001239 -0.607386
0 0 0 0
0.358032 0.740051
-4.869385 0.026123 2.297607
-0.794406 0.001239 -0.607386
0 0 0 0
0.358032 0.675598
-4.866455 0.026123 2.293701
-0.794406 0.001239 -0.607386
0 0 0 0
0.30072 0.675598
-4.860107 0.031982 2.307129
-0.000977 1 -0.000001
0 0 0 0
-0.340271 0.842712
-4.862793 0.031982 2.310791
-0.000977 1 -0.000001
0 0 0 0
-0.164856 0.842712
-4.858643 0.031982 2.314209
-0.000977 1 -0.000001
0 0 0 0
-0.164856 0.675537
-4.855713 0.031982 2.310303
-0.000977 1 -0.000001
0 0 0 0
-0.340271 0.675537
-4.862793 0.031982 2.310791
-0.604074 0.00131 0.796927
0 0 0 0
-0.416016 0.333191
-4.858643 0.020752 2.314209
-0.604074 0.00131 0.796927
0 0 0 0
-0.349548 0.468933
-4.858643 0.031982 2.314209
-0.604074 0.00131 0.796927
0 0 0 0
-0.349548 0.333191
-4.862793 0.020752 2.310791
-0.604074 0.00131 0.796927
0 0 0 0
-0.416016 0.468933
-4.855713 0.020752 2.310303
0.79253 0.00124 0.609832
0 0 0 0
0.650452 0.468933
-4.855713 0.031982 2.310303
0.79253 0.00124 0.609832
0 0 0 0
0.650452 0.333191
-4.858643 0.031982 2.314209
0.79253 0.00124 0.609832
0 0 0 0
0.583984 0.333191
-4.858643 0.020752 2.314209
0.79253 0.00124 0.609832
0 0 0 0
0.583984 0.468933
-4.855713 0.020752 2.310303
0.604075 0.00131 -0.796927
0 0 0 0
0.517578 0.468933
-4.860107 0.020752 2.307129
0.604075 0.00131 -0.796927
0 0 0 0
0.583984 0.468933
-4.860107 0.031982 2.307129
0.604075 0.00131 -0.796927
0 0 0 0
0.583984 0.333191
-4.855713 0.031982 2.310303
0.604075 0.00131 -0.796927
0 0 0 0
0.517578 0.333191
-4.860107 0.020752 2.307129
-0.79253 0.00124 -0.609832
0 0 0 0
0.517578 0.468933
-4.862793 0.020752 2.310791
-0.79253 0.00124 -0.609832
0 0 0 0
0.583984 0.468933
-4.862793 0.031982 2.310791
-0.79253 0.00124 -0.609832
0 0 0 0
0.583984 0.333191
-4.860107 0.031982 2.307129
-0.79253 0.00124 -0.609832
0 0 0 0
0.517578 0.333191
-4.852295 0.030273 2.311035
-0.000977 1 0.000001
0 0 0 0
-0.163635 0.801208
-4.86499 0.030273 2.327637
-0.000977 1 0.000001
0 0 0 0
0.000671 0.801208
-4.858643 0.030273 2.332275
-0.000977 1 0.000001
0 0 0 0
0.000671 0.753357
-4.845947 0.030273 2.315674
-0.000977 1 0.000001
0 0 0 0
-0.163635 0.753357
-4.852295 0.023682 2.311035
-0.794406 0.001239 -0.607386
0 0 0 0
-0.336426 0.106445
-4.86499 0.023682 2.327637
-0.794406 0.001239 -0.607386
0 0 0 0
-0.060059 0.106445
-4.86499 0.030273 2.327637
-0.794406 0.001239 -0.607386
0 0 0 0
-0.060059 0.015137
-4.852295 0.030273 2.311035
-0.794406 0.001239 -0.607386
0 0 0 0
-0.336426 0.015137
-4.858643 0.023682 2.332275
-0.608716 0.001309 0.793387
0 0 0 0
-0.049561 0.106445
-4.858643 0.030273 2.332275
-0.608716 0.001309 0.793387
0 0 0 0
-0.049561 0.015137
-4.86499 0.030273 2.327637
-0.608716 0.001309 0.793387
0 0 0 0
-0.147217 0.015137
-4.86499 0.023682 2.327637
-0.608716 0.001309 0.793387
0 0 0 0
-0.147217 0.106445
-4.858643 0.023682 2.332275
0.794406 0.001239 0.607386
0 0 0 0
0.663574 0.106445
-4.845947 0.023682 2.315674
0.794406 0.001239 0.607386
0 0 0 0
0.939941 0.106445
-4.845947 0.030273 2.315674
0.794406 0.001239 0.607386
0 0 0 0
0.939941 0.015137
-4.858643 0.030273 2.332275
0.794406 0.001239 0.607386
0 0 0 0
0.663574 0.015137
-4.845947 0.023682 2.315674
0.608716 0.001309 -0.793387
0 0 0 0
-0.147217 0.106445
-4.852295 0.023682 2.311035
0.608716 0.001309 -0.793387
0 0 0 0
-0.049561 0.106445
-4.852295 0.030273 2.311035
0.608716 0.001309 -0.793387
0 0 0 0
-0.049561 0.015137
-4.845947 0.030273 2.315674
0.608716 0.001309 -0.793387
0 0 0 0
-0.147217 0.015137
-4.845703 0.028564 2.317383
-0.000977 1 0.000001
0 0 0 0
-0.162781 0.83844
-4.856689 0.028564 2.332031
-0.000977 1 0.000001
0 0 0 0
0.000122 0.83844
-4.852295 0.028564 2.335449
-0.000977 1 0.000001
0 0 0 0
0.000122 0.800598
-4.841309 0.028564 2.320801
-0.000977 1 0.000001
0 0 0 0
-0.162781 0.800598
-4.845703 0.023682 2.317383
-0.79253 0.00124 -0.609832
0 0 0 0
0.25 0.742188
-4.856689 0.023682 2.332031
-0.79253 0.00124 -0.609832
0 0 0 0
0.509583 0.742188
-4.856689 0.028564 2.332031
-0.79253 0.00124 -0.609832
0 0 0 0
0.509583 0.675415
-4.845703 0.028564 2.317383
-0.79253 0.00124 -0.609832
0 0 0 0
0.25 0.675415
-4.852295 0.023682 2.335449
-0.606397 0.00131 0.795161
0 0 0 0
0.507019 0.742554
-4.852295 0.028564 2.335449
-0.606397 0.00131 0.795161
0 0 0 0
0.507019 0.675049
-4.856689 0.028564 2.332031
-0.606397 0.00131 0.795161
0 0 0 0
0.450562 0.675049
-4.856689 0.023682 2.332031
-0.606397 0.00131 0.795161
0 0 0 0
0.450562 0.742554
-4.852295 0.023682 2.335449
0.79253 0.00124 0.609832
0 0 0 0
0.25 0.742188
-4.841309 0.023682 2.320801
0.79253 0.00124 0.609832
0 0 0 0
0.509583 0.742188
-4.841309 0.028564 2.320801
0.79253 0.00124 0.609832
0 0 0 0
0.509583 0.675415
-4.852295 0.028564 2.335449
0.79253 0.00124 0.609832
0 0 0 0
0.25 0.675415
-4.841309 0.023682 2.320801
0.606397 0.00131 -0.795161
0 0 0 0
0.355286 0.742554
-4.845703 0.023682 2.317383
0.606397 0.00131 -0.795161
0 0 0 0
0.411804 0.742554
-4.845703 0.028564 2.317383
0.606397 0.00131 -0.795161
0 0 0 0
0.411804 0.675049
-4.841309 0.028564 2.320801
0.606397 0.00131 -0.795161
0 0 0 0
0.355286 0.675049
-4.878174 0.031738 2.303467
-0.000977 1 -0.000001
0 0 0 0
-0.340271 0.842712
-4.881104 0.031738 2.307129
-0.000977 1 -0.000001
0 0 0 0
-0.164856 0.842712
-4.877197 0.031738 2.310059
-0.000977 1 -0.000001
0 0 0 0
-0.164856 0.675537
-4.874268 0.031738 2.306396
-0.000977 1 -0.000001
0 0 0 0
-0.340271 0.675537
-4.881104 0.031738 2.307129
-0.604074 0.00131 0.796927
0 0 0 0
-0.403259 0.547546
-4.877197 0.028076 2.310059
-0.604074 0.00131 0.796927
0 0 0 0
-0.35675 0.583069
-4.877197 0.031738 2.310059
-0.604074 0.00131 0.796927
0 0 0 0
-0.35675 0.547546
-4.881104 0.028076 2.307129
-0.604074 0.00131 0.796927
0 0 0 0
-0.403259 0.583069
-4.874268 0.028076 2.306396
0.79253 0.00124 0.609832
0 0 0 0
-0.403259 0.583069
-4.874268 0.031738 2.306396
0.79253 0.00124 0.609832
0 0 0 0
-0.403259 0.547546
-4.877197 0.031738 2.310059
0.79253 0.00124 0.609832
0 0 0 0
-0.449829 0.547546
-4.877197 0.028076 2.310059
0.79253 0.00124 0.609832
0 0 0 0
-0.449829 0.583069
-4.874268 0.028076 2.306396
0.604075 0.00131 -0.796927
0 0 0 0
0.550171 0.583069
-4.878174 0.028076 2.303467
0.604075 0.00131 -0.796927
0 0 0 0
0.596741 0.583069
-4.878174 0.031738 2.303467
0.604075 0.00131 -0.796927
0 0 0 0
0.596741 0.547546
-4.874268 0.031738 2.306396
0.604075 0.00131 -0.796927
0 0 0 0
0.550171 0.547546
-4.878174 0.028076 2.303467
-0.79253 0.00124 -0.609832
0 0 0 0
0.596741 0.583069
-4.881104 0.028076 2.307129
-0.79253 0.00124 -0.609832
0 0 0 0
0.64325 0.583069
-4.881104 0.031738 2.307129
-0.79253 0.00124 -0.609832
0 0 0 0
0.64325 0.547546
-4.878174 0.031738 2.303467
-0.79253 0.00124 -0.609832
0 0 0 0
0.596741 0.547546
-4.867432 0.030518 2.313477
-0.000977 1 -0.000001
0 0 0 0
0.659729 0.842712
-4.869385 0.030518 2.316162
-0.000977 1 -0.000001
0 0 0 0
0.835144 0.842712
-4.866943 0.030518 2.318115
-0.000977 1 -0.000001
0 0 0 0
0.835144 0.675537
-4.864746 0.030518 2.31543
-0.000977 1 -0.000001
0 0 0 0
0.659729 0.675537
-4.869385 0.030518 2.316162
-0.604074 0.00131 0.796927
0 0 0 0
-0.407837 0.332581
-4.866943 0.028076 2.318115
-0.604074 0.00131 0.796927
0 0 0 0
-0.341431 0.376587
-4.866943 0.030518 2.318115
-0.604074 0.00131 0.796927
0 0 0 0
-0.341431 0.332581
-4.869385 0.028076 2.316162
-0.604074 0.00131 0.796927
0 0 0 0
-0.407837 0.376587
-4.864746 0.028076 2.31543
0.79253 0.00124 0.609832
0 0 0 0
0.592163 0.376587
-4.864746 0.030518 2.31543
0.79253 0.00124 0.609832
0 0 0 0
0.592163 0.332581
-4.866943 0.030518 2.318115
0.79253 0.00124 0.609832
0 0 0 0
0.524658 0.332581
-4.866943 0.028076 2.318115
0.79253 0.00124 0.609832
0 0 0 0
0.524658 0.376587
-4.864746 0.028076 2.31543
0.604075 0.00131 -0.796927
0 0 0 0
-0.407837 0.376587
-4.867432 0.028076 2.313477
0.604075 0.00131 -0.796927
0 0 0 0
-0.341431 0.376587
-4.867432 0.030518 2.313477
0.604075 0.00131 -0.796927
0 0 0 0
-0.341431 0.332581
-4.864746 0.030518 2.31543
0.604075 0.00131 -0.796927
0 0 0 0
-0.407837 0.332581
-4.867432 0.028076 2.313477
-0.79253 0.00124 -0.609832
0 0 0 0
0.524658 0.376587
-4.869385 0.028076 2.316162
-0.79253 0.00124 -0.609832
0 0 0 0
0.592163 0.376587
-4.869385 0.030518 2.316162
-0.79253 0.00124 -0.609832
0 0 0 0
0.592163 0.332581
-4.867432 0.030518 2.313477
-0.79253 0.00124 -0.609832
0 0 0 0
0.524658 0.332581
-4.849121 0.020996 2.305176
0.61103 0.001308 -0.791606
0 0 0 0
0.253296 0.704651
-4.849121 0.023682 2.305176
0.61103 0.001308 -0.791606
0 0 0 0
0.253296 0.675415
-4.833008 0.023682 2.317871
0.61103 0.001308 -0.791606
0 0 0 0
0.003967 0.675415
-4.833008 0.001953 2.317871
0.61103 0.001308 -0.791606
0 0 0 0
0.003967 0.914368
-4.849121 0.001953 2.305176
0.61103 0.001308 -0.791606
0 0 0 0
0.253296 0.914368
-4.833008 0.023682 2.317871
0.000978 1 -0.000001
0 0 0 0
0.659363 0.842712
-4.849121 0.023682 2.305176
0.000978 1 0.000001
0 0 0 0
0.659363 0.999878
-4.85791 0.023682 2.31665
0.000978 1 -0.000001
0 0 0 0
0.746643 0.999878
-4.850342 0.023682 2.340576
-0.000977 1 -0.000001
0 0 0 0
0.835144 0.842712
-4.866699 0.023682 2.327881
-0.000977 1 -0.000001
0 0 0 0
0.835144 0.999878
-4.850342 0.023682 2.340576
-0.61103 0.001308 0.791606
0 0 0 0
0.414185 0.675415
-4.866699 0.023682 2.327881
-0.61103 0.001308 0.791606
0 0 0 0
0.164856 0.675415
-4.866699 0.001953 2.327881
-0.61103 0.001308 0.791606
0 0 0 0
0.164856 0.914368
-4.850342 0.001953 2.340576
-0.61103 0.001308 0.791606
0 0 0 0
0.414185 0.914368
-4.833008 0.001953 2.317871
0.794406 0.001239 0.607386
0 0 0 0
0.515991 0.914185
-4.833008 0.023682 2.317871
0.794406 0.001239 0.607386
0 0 0 0
0.515991 0.675415
-4.850342 0.023682 2.340576
0.794406 0.001239 0.607386
0 0 0 0
0.205383 0.675415
-4.850342 0.001953 2.340576
0.794406 0.001239 0.607386
0 0 0 0
0.205383 0.914185
-4.88501 0.020752 2.295898
-0.79253 0.00124 -0.609832
0 0 0 0
0.006042 0.426941
-4.893555 0.028076 2.307373
-0.79253 0.00124 -0.609832
0 0 0 0
0.178162 0.33313
-4.88501 0.028076 2.295898
-0.79253 0.00124 -0.609832
0 0 0 0
0.006042 0.33313
-4.893555 0.001953 2.307373
-0.79253 0.00124 -0.609832
0 0 0 0
0.178162 0.671936
-4.88501 0.001953 2.295898
-0.79253 0.00124 -0.609832
0 0 0 0
0.006042 0.671936
273
2 1 0
3 2 0
6 5 4
5 7 4
5 8 7
11 10 9
12 11 9
15 14 13
16 15 13
17 15 16
20 19 18
19 21 18
24 23 22
25 24 22
28 27 26
29 28 26
32 31 30
33 32 30
36 35 34
37 36 34
40 39 38
41 40 38
44 43 42
45 44 42
48 47 46
49 48 46
52 51 50
53 52 50
56 55 54
57 56 54
60 59 58
61 60 58
64 63 62
65 64 62
68 67 66
69 68 66
72 71 70
73 72 70
76 75 74
77 76 74
80 79 78
81 80 78
84 83 82
85 84 82
88 87 86
89 88 86
92 91 90
93 92 90
96 95 94
97 96 94
100 99 98
101 100 98
104 103 102
105 104 102
108 107 106
109 108 106
112 111 110
113 112 110
116 115 114
115 117 114
120 119 118
121 120 118
124 123 122
125 124 122
128 127 126
129 128 126
132 131 130
133 132 130
136 135 134
135 137 134
140 139 138
141 140 138
144 143 142
145 144 142
148 147 146
149 148 146
152 151 150
153 152 150
150 154 153
157 156 155
158 157 155
161 160 159
162 161 159
165 164 163
164 166 163
166 167 163
170 169 168
169 171 168
171 172 168
175 174 173
176 175 173
179 178 177
180 179 177
183 182 181
182 184 181
182 185 184
188 187 186
189 188 186
192 191 190
193 192 190
194 192 193
197 196 195
196 198 195
201 200 199
202 201 199
205 204 203
206 205 203
209 208 207
210 209 207
213 212 211
214 213 211
217 216 215
218 217 215
221 220 219
222 221 219
225 224 223
226 225 223
229 228 227
230 229 227
233 232 231
232 234 231
237 236 235
238 237 235
241 240 239
242 241 239
245 244 243
246 245 243
249 248 247
250 249 247
253 252 251
254 253 251
257 256 255
258 257 255
261 260 259
262 261 259
265 264 263
266 265 263
269 268 267
270 269 267
273 272 271
274 273 271
277 276 275
278 277 275
281 280 279
282 281 279
285 284 283
286 285 283
289 288 287
290 289 287
293 292 291
292 294 291
297 296 295
298 297 295
301 300 299
302 301 299
305 304 303
306 305 303
309 308 307
310 309 307
313 312 311
312 314 311
317 316 315
318 317 315
321 320 319
322 321 319
325 324 323
326 325 323
329 328 327
330 329 327
327 331 330
334 333 332
335 334 332
338 337 336
339 338 336
342 341 340
341 343 340
343 344 340
347 346 345
346 348 345
348 349 345
352 351 350
353 352 350
356 355 354
357 356 354
360 359 358
359 361 358
359 362 361
365 364 363
366 365 363
369 368 367
370 369 367
371 369 370
374 373 372
373 375 372
378 377 376
379 378 376
382 381 380
383 382 380
386 385 384
387 386 384
390 389 388
391 390 388
394 393 392
393 395 392
398 397 396
399 398 396
402 401 400
403 402 400
406 405 404
407 406 404
410 409 408
411 410 408
414 413 412
413 415 412
418 417 416
419 418 416
422 421 420
423 422 420
426 425 424
427 426 424
430 429 428
431 430 428
434 433 432
435 434 432
438 437 436
439 438 436
442 441 440
443 442 440
446 445 444
447 446 444
450 449 448
451 450 448
454 453 452
455 454 452
458 457 456
459 458 456
462 461 460
463 462 460
466 465 464
467 466 464
470 469 468
471 470 468
474 473 472
473 475 472
478 477 476
479 478 476
482 481 480
483 482 480
486 485 484
487 486 484
490 489 488
491 490 488
494 493 492
493 495 492
498 497 496
499 498 496
502 501 500
503 502 500
506 505 504
507 506 504
510 509 508
511 510 508
512 511 508
515 514 513
513 516 515
516 517 515
520 519 518
521 520 518
524 523 522
525 524 522
528 527 526
527 529 526
529 530 526
sm01_environment\outsourcing\dhruva\os_brooklynandqueensterrain_01\buildings\material\os_bro_building_industrial01.material
1
0
136
-4.939697 0.00708 2.273682
0.000978 1 -0.000001
0 0 0 0
0.754822 0.979004
-4.960693 0.00708 2.299561
0.000978 1 -0.000001
0 0 0 0
0.755066 0.932739
-4.951416 0.00708 2.307373
0.000978 1 -0.000001
0 0 0 0
0.738281 0.932678
-4.941895 0.00708 2.314941
0.000978 1 -0.000001
0 0 0 0
0.721375 0.932617
-4.969971 0.00708 2.349365
0.000978 1 -0.000001
0 0 0 0
0.72168 0.870911
-4.979248 0.00708 2.341797
0.000978 1 -0.000001
0 0 0 0
0.738586 0.871033
-4.911377 0.00708 2.296875
0.000978 1 -0.000001
0 0 0 0
0.704224 0.97876
-4.932373 0.00708 2.32251
0.000978 1 -0.000001
0 0 0 0
0.704468 0.932495
-4.939697 0.00708 2.273682
-0.775372 0.001249 -0.631504
0 0 0 0
0.236145 0.191162
-4.960693 0.005859 2.299561
-0.775372 0.001249 -0.631504
0 0 0 0
0.530396 0.217285
-4.960693 0.00708 2.299561
-0.775372 0.001249 -0.631504
0 0 0 0
0.530396 0.191162
-4.939697 0.001953 2.273682
-0.775372 0.001249 -0.631504
0 0 0 0
0.236145 0.291321
-4.960693 0.005859 2.299561
-0.629398 0.001303 0.777082
0 0 0 0
0.147095 0.217285
-4.951416 0.00708 2.307373
-0.629398 0.001303 0.777082
0 0 0 0
0.232666 0.191162
-4.960693 0.00708 2.299561
-0.629398 0.001303 0.777082
0 0 0 0
0.147095 0.191162
-4.951416 0.005859 2.307373
-0.629398 0.001303 0.777082
0 0 0 0
0.232666 0.217285
-4.951416 0.005859 2.307373
0.000978 1 -0.000001
0 0 0 0
0.892517 0.829224
-4.960693 0.005859 2.299561
0.000978 1 -0.000001
0 0 0 0
0.886108 0.811829
-4.98877 0.005859 2.334229
0.000978 1 -0.000001
0 0 0 0
0.822083 0.835388
-4.979248 0.005859 2.341797
0.000978 1 -0.000001
0 0 0 0
0.828491 0.852783
-4.951416 0.005859 2.307373
-0.775372 0.001249 -0.631504
0 0 0 0
0.120972 0.217285
-4.979248 0.005859 2.341797
-0.775372 0.001249 -0.631504
0 0 0 0
0.419922 0.217285
-4.979248 0.00708 2.341797
-0.775372 0.001249 -0.631504
0 0 0 0
0.419922 0.191162
-4.951416 0.00708 2.307373
-0.775372 0.001249 -0.631504
0 0 0 0
0.120972 0.191162
-4.979248 0.005859 2.341797
-0.629398 -0.001303 0.777082
0 0 0 0
0.147095 0.217285
-4.969971 0.00708 2.349365
-0.629398 0.001303 0.777082
0 0 0 0
0.232666 0.191162
-4.979248 0.00708 2.341797
-0.629398 0.001303 0.777082
0 0 0 0
0.147095 0.191162
-4.969971 0.005859 2.349365
-0.629398 -0.001303 0.777082
0 0 0 0
0.232666 0.217285
-4.969971 0.005859 2.349365
0.775372 0.001249 0.631504
0 0 0 0
0.120972 0.217285
-4.941895 0.00708 2.314941
0.775372 0.001249 0.631504
0 0 0 0
0.419922 0.191162
-4.969971 0.00708 2.349365
0.775372 0.001249 0.631504
0 0 0 0
0.120972 0.191162
-4.941895 0.005859 2.314941
0.775372 0.001249 0.631504
0 0 0 0
0.419922 0.217285
-4.911377 0.001953 2.296875
0.629398 0.001303 -0.777082
0 0 0 0
0.236145 0.291321
-4.939697 0.001953 2.273682
0.629398 0.001303 -0.777082
0 0 0 0
0.530396 0.291321
-4.939697 0.00708 2.273682
0.629398 0.001303 -0.777082
0 0 0 0
0.530396 0.191162
-4.911377 0.00708 2.296875
0.629398 0.001303 -0.777082
0 0 0 0
0.236145 0.191162
-4.932373 0.005859 2.32251
0.000978 1 -0.000001
0 0 0 0
0.905396 0.86438
-4.941895 0.005859 2.314941
0.000978 1 -0.000001
0 0 0 0
0.898926 0.846802
-4.969971 0.005859 2.349365
0.000978 1 -0.000001
0 0 0 0
0.834961 0.8703
-4.960449 0.005859 2.357178
0.000978 1 -0.000001
0 0 0 0
0.841431 0.887878
-4.941895 0.005859 2.314941
-0.629398 0.001303 0.777082
0 0 0 0
0.147095 0.217285
-4.932373 0.005859 2.32251
-0.629398 0.001303 0.777082
0 0 0 0
0.232666 0.217285
-4.932373 0.00708 2.32251
-0.629398 0.001303 0.777082
0 0 0 0
0.232666 0.191162
-4.941895 0.00708 2.314941
-0.629398 0.001303 0.777082
0 0 0 0
0.147095 0.191162
-4.911377 0.001953 2.296875
0.775372 0.001249 0.631504
0 0 0 0
0.530396 0.291321
-4.932373 0.005859 2.32251
0.775372 0.001249 0.631504
0 0 0 0
0.236145 0.217285
-4.932373 0.001953 2.32251
0.775372 0.001249 0.631504
0 0 0 0
0.236145 0.291321
-4.932373 0.005859 2.32251
0.775372 0.001249 0.631504
0 0 0 0
0.236145 0.217285
-4.911377 0.001953 2.296875
0.775372 0.001249 0.631504
0 0 0 0
0.530396 0.291321
-4.911377 0.00708 2.296875
0.775372 0.001249 0.631504
0 0 0 0
0.530396 0.191162
-4.932373 0.00708 2.32251
0.775372 0.001249 0.631504
0 0 0 0
0.236145 0.191162
-4.969971 0.005859 2.349365
-0.629398 -0.001303 0.777082
0 0 0 0
0.197815 0.289795
-4.960449 0.001953 2.357178
-0.629398 -0.001303 0.777082
0 0 0 0
0.296265 0.347656
-4.960449 0.005859 2.357178
-0.629398 0.001303 0.777082
0 0 0 0
0.296265 0.289795
-4.98877 0.001953 2.334229
-0.629398 -0.001303 0.777082
0 0 0 0
0.000671 0.347656
-4.979248 0.005859 2.341797
-0.629398 -0.001303 0.777082
0 0 0 0
0.098816 0.289795
-4.98877 0.005859 2.334229
-0.629398 0.001303 0.777082
0 0 0 0
0.000671 0.289795
-4.960693 0.005859 2.299561
-0.775372 0.001249 -0.631504
0 0 0 0
0.296265 0.289795
-4.960693 0.001953 2.299561
-0.775372 0.001249 -0.631504
0 0 0 0
0.296265 0.347656
-4.98877 0.001953 2.334229
-0.775372 0.001249 -0.631504
0 0 0 0
0.000671 0.347656
-4.98877 0.005859 2.334229
-0.775372 0.001249 -0.631504
0 0 0 0
0.000671 0.289795
-4.932373 0.001953 2.32251
0.775372 0.001249 0.631504
0 0 0 0
0.296265 0.347656
-4.932373 0.005859 2.32251
0.775372 0.001249 0.631504
0 0 0 0
0.296265 0.289795
-4.960449 0.005859 2.357178
0.775372 0.001249 0.631504
0 0 0 0
0.000671 0.289795
-4.960449 0.001953 2.357178
0.775372 0.001249 0.631504
0 0 0 0
0.000671 0.347656
-4.960693 0.005859 2.299561
-0.775372 0.001249 -0.631504
0 0 0 0
0.530396 0.217285
-4.939697 0.001953 2.273682
-0.775372 0.001249 -0.631504
0 0 0 0
0.236145 0.291321
-4.960693 0.001953 2.299561
-0.775372 0.001249 -0.631504
0 0 0 0
0.530396 0.291321
-4.877686 0.00708 2.218262
0.000978 1 -0.000001
0 0 0 0
0.754822 0.979004
-4.898682 0.00708 2.244141
0.000978 1 -0.000001
0 0 0 0
0.755066 0.932739
-4.889404 0.00708 2.251709
0.000978 1 -0.000001
0 0 0 0
0.738281 0.932678
-4.879883 0.00708 2.259277
0.000978 1 -0.000001
0 0 0 0
0.721375 0.932617
-4.917236 0.00708 2.286133
0.000978 1 -0.000001
0 0 0 0
0.738586 0.871033
-4.907959 0.00708 2.293701
0.000978 1 -0.000001
0 0 0 0
0.72168 0.870911
-4.849365 0.00708 2.241211
0.000978 1 -0.000001
0 0 0 0
0.704224 0.97876
-4.870361 0.00708 2.26709
0.000978 1 -0.000001
0 0 0 0
0.704468 0.932495
-4.877686 0.00708 2.218262
-0.775372 0.001249 -0.631504
0 0 0 0
0.236145 0.191162
-4.898682 0.005859 2.244141
-0.775372 0.001249 -0.631504
0 0 0 0
0.530396 0.217285
-4.898682 0.00708 2.244141
-0.775372 0.001249 -0.631504
0 0 0 0
0.530396 0.191162
-4.877686 0.001953 2.218262
-0.775372 0.001249 -0.631504
0 0 0 0
0.236145 0.291321
-4.898682 0.005859 2.244141
-0.629398 0.001303 0.777082
0 0 0 0
0.147095 0.217285
-4.889404 0.00708 2.251709
-0.629398 0.001303 0.777082
0 0 0 0
0.232666 0.191162
-4.898682 0.00708 2.244141
-0.629398 0.001303 0.777082
0 0 0 0
0.147095 0.191162
-4.889404 0.005859 2.251709
-0.629398 0.001303 0.777082
0 0 0 0
0.232666 0.217285
-4.889404 0.005859 2.251709
0.000978 1 -0.000001
0 0 0 0
0.892517 0.829224
-4.898682 0.005859 2.244141
0.000978 1 -0.000001
0 0 0 0
0.886108 0.811829
-4.926758 0.005859 2.278564
0.000978 1 -0.000001
0 0 0 0
0.822083 0.835388
-4.917236 0.005859 2.286133
0.000978 1 -0.000001
0 0 0 0
0.828491 0.852783
-4.889404 0.005859 2.251709
-0.775372 0.001249 -0.631504
0 0 0 0
0.120972 0.217285
-4.917236 0.005859 2.286133
-0.775372 0.001249 -0.631504
0 0 0 0
0.419922 0.217285
-4.917236 0.00708 2.286133
-0.775372 0.001249 -0.631504
0 0 0 0
0.419922 0.191162
-4.889404 0.00708 2.251709
-0.775372 0.001249 -0.631504
0 0 0 0
0.120972 0.191162
-4.917236 0.005859 2.286133
-0.629398 -0.001303 0.777082
0 0 0 0
0.147095 0.217285
-4.907959 0.00708 2.293701
-0.629398 0.001303 0.777082
0 0 0 0
0.232666 0.191162
-4.917236 0.00708 2.286133
-0.629398 0.001303 0.777082
0 0 0 0
0.147095 0.191162
-4.907959 0.005859 2.293701
-0.629398 -0.001303 0.777082
0 0 0 0
0.232666 0.217285
-4.907959 0.005859 2.293701
0.775372 0.001249 0.631504
0 0 0 0
0.120972 0.217285
-4.879883 0.00708 2.259277
0.775372 0.001249 0.631504
0 0 0 0
0.419922 0.191162
-4.907959 0.00708 2.293701
0.775372 0.001249 0.631504
0 0 0 0
0.120972 0.191162
-4.879883 0.005859 2.259277
0.775372 0.001249 0.631504
0 0 0 0
0.419922 0.217285
-4.849365 0.001953 2.241211
0.629398 0.001303 -0.777082
0 0 0 0
0.236145 0.291321
-4.877686 0.001953 2.218262
0.629398 0.001303 -0.777082
0 0 0 0
0.530396 0.291321
-4.877686 0.00708 2.218262
0.629398 0.001303 -0.777082
0 0 0 0
0.530396 0.191162
-4.849365 0.00708 2.241211
0.629398 0.001303 -0.777082
0 0 0 0
0.236145 0.191162
-4.870361 0.005859 2.26709
0.000978 1 -0.000001
0 0 0 0
0.905396 0.86438
-4.879883 0.005859 2.259277
0.000978 1 -0.000001
0 0 0 0
0.898926 0.846802
-4.907959 0.005859 2.293701
0.000978 1 -0.000001
0 0 0 0
0.834961 0.8703
-4.898438 0.005859 2.301514
0.000978 1 -0.000001
0 0 0 0
0.841431 0.887878
-4.879883 0.005859 2.259277
-0.629398 0.001303 0.777082
0 0 0 0
0.147095 0.217285
-4.870361 0.005859 2.26709
-0.629398 0.001303 0.777082
0 0 0 0
0.232666 0.217285
-4.870361 0.00708 2.26709
-0.629398 0.001303 0.777082
0 0 0 0
0.232666 0.191162
-4.879883 0.00708 2.259277
-0.629398 0.001303 0.777082
0 0 0 0
0.147095 0.191162
-4.849365 0.001953 2.241211
0.775372 0.001249 0.631504
0 0 0 0
0.530396 0.291321
-4.870361 0.005859 2.26709
0.775372 0.001249 0.631504
0 0 0 0
0.236145 0.217285
-4.870361 0.001953 2.26709
0.775372 0.001249 0.631504
0 0 0 0
0.236145 0.291321
-4.870361 0.005859 2.26709
0.775372 0.001249 0.631504
0 0 0 0
0.236145 0.217285
-4.849365 0.001953 2.241211
0.775372 0.001249 0.631504
0 0 0 0
0.530396 0.291321
-4.849365 0.00708 2.241211
0.775372 0.001249 0.631504
0 0 0 0
0.530396 0.191162
-4.870361 0.00708 2.26709
0.775372 0.001249 0.631504
0 0 0 0
0.236145 0.191162
-4.907959 0.005859 2.293701
-0.629398 -0.001303 0.777082
0 0 0 0
0.197815 0.289795
-4.898438 0.001953 2.301514
-0.629398 -0.001303 0.777082
0 0 0 0
0.296265 0.347656
-4.898438 0.005859 2.301514
-0.629398 0.001303 0.777082
0 0 0 0
0.296265 0.289795
-4.926758 0.001953 2.278564
-0.629398 -0.001303 0.777082
0 0 0 0
0.000671 0.347656
-4.917236 0.005859 2.286133
-0.629398 -0.001303 0.777082
0 0 0 0
0.098816 0.289795
-4.926758 0.005859 2.278564
-0.629398 0.001303 0.777082
0 0 0 0
0.000671 0.289795
-4.898682 0.005859 2.244141
-0.775372 0.001249 -0.631504
0 0 0 0
0.296265 0.289795
-4.898682 0.001953 2.244141
-0.775372 0.001249 -0.631504
0 0 0 0
0.296265 0.347656
-4.926758 0.001953 2.278564
-0.775372 0.001249 -0.631504
0 0 0 0
0.000671 0.347656
-4.926758 0.005859 2.278564
-0.775372 0.001249 -0.631504
0 0 0 0
0.000671 0.289795
-4.870361 0.001953 2.26709
0.775372 0.001249 0.631504
0 0 0 0
0.296265 0.347656
-4.870361 0.005859 2.26709
0.775372 0.001249 0.631504
0 0 0 0
0.296265 0.289795
-4.898438 0.005859 2.301514
0.775372 0.001249 0.631504
0 0 0 0
0.000671 0.289795
-4.898438 0.001953 2.301514
0.775372 0.001249 0.631504
0 0 0 0
0.000671 0.347656
-4.898682 0.005859 2.244141
-0.775372 0.001249 -0.631504
0 0 0 0
0.530396 0.217285
-4.877686 0.001953 2.218262
-0.775372 0.001249 -0.631504
0 0 0 0
0.236145 0.291321
-4.898682 0.001953 2.244141
-0.775372 0.001249 -0.631504
0 0 0 0
0.530396 0.291321
72
2 1 0
2 0 3
2 3 4
5 2 4
0 6 3
7 3 6
10 9 8
9 11 8
14 13 12
13 15 12
18 17 16
19 18 16
22 21 20
23 22 20
26 25 24
25 27 24
30 29 28
29 31 28
34 33 32
35 34 32
38 37 36
39 38 36
42 41 40
43 42 40
46 45 44
49 48 47
50 49 47
53 52 51
52 54 51
54 55 51
56 55 54
59 58 57
60 59 57
63 62 61
64 63 61
67 66 65
70 69 68
70 68 71
72 70 71
73 72 71
68 74 71
75 71 74
78 77 76
77 79 76
82 81 80
81 83 80
86 85 84
87 86 84
90 89 88
91 90 88
94 93 92
93 95 92
98 97 96
97 99 96
102 101 100
103 102 100
106 105 104
107 106 104
110 109 108
111 110 108
114 113 112
117 116 115
118 117 115
121 120 119
120 122 119
122 123 119
124 123 122
127 126 125
128 127 125
131 130 129
132 131 129
135 134 133
