0
5
sm00_material\environment\template\architecture\gbl_arch_metal_trim_worn_01\jn_gbl_arch_metal_trim_worn_dirty.material
1
0
470
-0.574463 2.219482 4.042725
-1 0.000978 -0.000001
0 0 0 0
0.073547 0.375
-0.555908 2.533203 4.02417
0.001382 0.001382 -0.999998
0 0 0 0
0.297852 0.381531
-0.555908 2.219482 4.02417
0.001382 0.001382 -0.999998
0 0 0 0
0.073547 0.381531
-0.574463 2.533203 4.042725
-1 0.000978 -0.000001
0 0 0 0
0.297852 0.375
-0.555908 2.219482 4.061279
0.001382 0.001382 0.999998
0 0 0 0
0.073547 0.36853
-0.555908 2.533203 4.061279
0.001382 0.001382 0.999998
0 0 0 0
0.297852 0.36853
-0.537354 2.219482 4.042725
1 0.000978 -0.000001
0 0 0 0
0.073547 0.362
-0.537354 2.533203 4.042725
1 0.000978 -0.000001
0 0 0 0
0.297852 0.362
-0.555908 2.219482 4.02417
0.001382 0.001382 -0.999998
0 0 0 0
0.073547 0.355469
-0.555908 2.533203 4.02417
0.001382 0.001382 -0.999998
0 0 0 0
0.297852 0.35553
2.450195 2.219482 4.042725
-1 0.000978 -0.000001
0 0 0 0
0.073547 0.375
2.468994 2.533203 4.02417
0.001382 0.001382 -0.999998
0 0 0 0
0.297852 0.381531
2.468994 2.219482 4.02417
0.001382 0.001382 -0.999998
0 0 0 0
0.073547 0.381531
2.450195 2.533203 4.042725
-1 0.000978 -0.000001
0 0 0 0
0.297852 0.375
2.468994 2.219482 4.061279
0.001382 0.001382 0.999998
0 0 0 0
0.073547 0.36853
2.468994 2.533203 4.061279
0.001382 0.001382 0.999998
0 0 0 0
0.297852 0.36853
2.487549 2.219482 4.042725
1 0.000978 -0.000001
0 0 0 0
0.073547 0.362
2.487549 2.533203 4.042725
1 0.000978 -0.000001
0 0 0 0
0.297852 0.362
2.468994 2.219482 4.02417
0.001382 0.001382 -0.999998
0 0 0 0
0.073547 0.355469
2.468994 2.533203 4.02417
0.001382 0.001382 -0.999998
0 0 0 0
0.297852 0.35553
-2.086914 2.219482 4.042725
-1 0.000978 -0.000001
0 0 0 0
0.073547 0.375
-2.068359 2.533203 4.02417
0.001382 0.001382 -0.999998
0 0 0 0
0.297852 0.381531
-2.068359 2.219482 4.02417
0.001382 0.001382 -0.999998
0 0 0 0
0.073547 0.381531
-2.086914 2.533203 4.042725
-1 0.000978 -0.000001
0 0 0 0
0.297852 0.375
-2.068359 2.219482 4.061279
0.001382 0.001382 0.999998
0 0 0 0
0.073547 0.36853
-2.068359 2.533203 4.061279
0.001382 0.001382 0.999998
0 0 0 0
0.297852 0.36853
-2.049805 2.219482 4.042725
1 0.000978 -0.000001
0 0 0 0
0.073547 0.362
-2.049805 2.533203 4.042725
1 0.000978 -0.000001
0 0 0 0
0.297852 0.362
-2.068359 2.219482 4.02417
0.001382 0.001382 -0.999998
0 0 0 0
0.073547 0.355469
-2.068359 2.533203 4.02417
0.001382 0.001382 -0.999998
0 0 0 0
0.297852 0.35553
-4.022949 2.352051 -2.212646
0.001382 0.001382 -0.999998
0 0 0 0
0.073547 0.375
-4.004395 2.53125 -2.194092
1 0.000978 -0.000001
0 0 0 0
0.297852 0.381531
-4.004395 2.352051 -2.194092
1 0.000978 -0.000001
0 0 0 0
0.073547 0.381531
-4.022949 2.53125 -2.212646
0.001382 0.001382 -0.999998
0 0 0 0
0.297852 0.375
-4.041748 2.352051 -2.194092
-1 0.000978 -0.000001
0 0 0 0
0.073547 0.36853
-4.041748 2.53125 -2.194092
-1 0.000978 -0.000001
0 0 0 0
0.297852 0.36853
-4.022949 2.352051 -2.175537
0.001382 0.001382 0.999998
0 0 0 0
0.073547 0.362
-4.022949 2.53125 -2.175537
0.001382 0.001382 0.999998
0 0 0 0
0.297852 0.362
-4.004395 2.352051 -2.194092
1 0.000978 -0.000001
0 0 0 0
0.073547 0.355469
-4.004395 2.53125 -2.194092
1 0.000978 -0.000001
0 0 0 0
0.297852 0.35553
-4.022949 2.668945 2.324463
0.001382 0.001382 -0.999998
0 0 0 0
0.073547 0.375
-4.004395 2.847168 2.343018
1 0.000978 -0.000001
0 0 0 0
0.296692 0.381531
-4.004395 2.668945 2.343018
1 0.000978 -0.000001
0 0 0 0
0.073547 0.381531
-4.022949 2.847168 2.324463
0.001382 0.001382 -0.999998
0 0 0 0
0.296692 0.375
-4.041748 2.668945 2.343018
-1 0.000978 -0.000001
0 0 0 0
0.073547 0.36853
-4.041748 2.847168 2.343018
-1 0.000978 -0.000001
0 0 0 0
0.296631 0.36853
-4.022949 2.668945 2.361572
0.001382 0.001382 0.999998
0 0 0 0
0.073547 0.362
-4.022949 2.847168 2.361572
0.001382 0.001382 0.999998
0 0 0 0
0.296631 0.362
-4.004395 2.668945 2.343018
1 0.000978 -0.000001
0 0 0 0
0.073547 0.355469
-4.004395 2.847168 2.343018
1 0.000978 -0.000001
0 0 0 0
0.296631 0.35553
-4.010498 2.858887 4.030273
0.591364 0.806405 -0.000116
0 0 0 0
0.952393 0.816956
-4.010498 2.858887 -3.989502
0.681238 0.732062 -0.000269
0 0 0 0
0.161011 0.800476
-4.022949 2.864502 -3.989502
-0.000977 1 -0.000001
0 0 0 0
0.16095 0.801819
-4.023193 2.864502 4.042969
-0.208127 0.978101 0.000804
0 0 0 0
0.953369 0.818298
-4.035645 2.858887 -3.989502
-0.683258 0.730177 0.000077
0 0 0 0
0.160828 0.803223
-4.035645 2.858643 4.05542
-0.780964 0.624576 0.000184
0 0 0 0
0.954346 0.819702
-4.041748 2.847168 -3.989502
-1 0.000978 0.000001
0 0 0 0
0.160889 0.804504
-4.041748 2.847168 4.061279
-1 -0.000977 0.000001
0 0 0 0
0.955261 0.820984
-4.035645 2.835449 4.05542
-0.780964 -0.624576 0.000184
0 0 0 0
0.954407 0.822266
-4.035645 2.835449 -3.989502
-0.683258 -0.730177 0.000077
0 0 0 0
0.160889 0.805786
-4.023193 2.829834 4.042969
-0.208127 -0.978101 0.000804
0 0 0 0
0.953491 0.823608
-4.022949 2.829834 -3.989502
-0.000977 -1 -0.000001
0 0 0 0
0.160889 0.807129
-4.010498 2.835449 4.030273
0.591364 -0.806405 -0.000116
0 0 0 0
0.952576 0.824951
-4.010498 2.835449 -3.989502
0.681238 -0.732062 -0.000269
0 0 0 0
0.16095 0.808533
-4.004395 2.847168 4.02417
1 0.000978 -0.000001
0 0 0 0
0.951538 0.826233
-4.004395 2.847168 -3.989502
1 0.000978 -0.000001
0 0 0 0
0.16095 0.809814
-4.010498 2.858887 -3.989502
0.681238 0.732062 -0.000269
0 0 0 0
0.161011 0.811096
-4.010498 2.858887 4.030273
0.591364 0.806405 -0.000116
0 0 0 0
0.952393 0.827576
-4.004395 2.847168 4.02417
-0.001382 0.001382 -0.999998
0 0 0 0
0.951599 -0.362732
-2.086914 2.858887 4.030273
-0.001268 0.73147 -0.681872
0 0 0 0
0.020691 -0.354675
-2.086914 2.847168 4.02417
-0.001382 0.001382 -0.999998
0 0 0 0
0.020691 -0.361511
-4.010498 2.858887 4.030273
-0.001233 0.807367 -0.590049
0 0 0 0
0.95636 -0.355835
-2.086914 2.864502 4.042725
-0.000977 1 -0.000001
0 0 0 0
0.020691 -0.347839
-4.023193 2.864502 4.042969
0.001074 0.978345 0.206977
0 0 0 0
0.961182 -0.348999
-2.086914 2.858887 4.05542
0.001268 0.73147 0.681872
0 0 0 0
0.020691 -0.340942
-4.035645 2.858643 4.05542
0.001304 0.624831 0.780759
0 0 0 0
0.966064 -0.342163
-2.086914 2.847168 4.061279
0.001382 0.001382 0.999998
0 0 0 0
0.020691 -0.333984
-4.041748 2.847168 4.061279
0.001382 -0.001382 0.999998
0 0 0 0
0.970947 -0.335388
-4.035645 2.835449 4.05542
0.001304 -0.624831 0.780759
0 0 0 0
0.966064 -0.328613
-2.086914 2.835449 4.05542
0.001268 -0.73147 0.681872
0 0 0 0
0.020691 -0.327087
-4.023193 2.829834 4.042969
0.001074 -0.978345 0.206977
0 0 0 0
0.961243 -0.321838
-2.086914 2.829834 4.042725
-0.000977 -1 -0.000001
0 0 0 0
0.020691 -0.32019
-4.010498 2.835449 4.030273
-0.001233 -0.807367 -0.590049
0 0 0 0
0.956421 -0.314941
-2.086914 2.835449 4.030273
-0.001268 -0.73147 -0.681872
0 0 0 0
0.020752 -0.313354
-4.004395 2.847168 4.02417
-0.001382 0.001382 -0.999998
0 0 0 0
0.95166 -0.308044
-2.086914 2.847168 4.02417
-0.001382 0.001382 -0.999998
0 0 0 0
0.020752 -0.306519
-4.010498 2.77124 4.030273
0.591364 0.806405 -0.000116
0 0 0 0
0.952393 0.595459
-4.010498 2.77124 -3.989502
0.681238 0.732062 -0.000269
0 0 0 0
0.160889 0.586121
-4.022949 2.776855 -3.989502
-0.000977 1 -0.000001
0 0 0 0
0.160828 0.587463
-4.023193 2.776855 4.042969
-0.208127 0.978101 0.000804
0 0 0 0
0.95343 0.596802
-4.035645 2.77124 -3.989502
-0.683258 0.730177 0.000077
0 0 0 0
0.160767 0.588806
-4.035645 2.77124 4.05542
-0.780964 0.624576 0.000184
0 0 0 0
0.954346 0.598206
-4.041748 2.759521 -3.989502
-1 0.000978 0.000001
0 0 0 0
0.160767 0.590149
-4.041748 2.759521 4.061279
-1 -0.000977 0.000001
0 0 0 0
0.955322 0.599487
-4.035645 2.747803 4.05542
-0.780964 -0.624576 0.000184
0 0 0 0
0.954468 0.600769
-4.035645 2.747803 -3.989502
-0.683258 -0.730177 0.000077
0 0 0 0
0.160828 0.591431
-4.023193 2.742188 4.042969
-0.208127 -0.978101 0.000804
0 0 0 0
0.953552 0.602112
-4.022949 2.742188 -3.989502
-0.000977 -1 -0.000001
0 0 0 0
0.160889 0.592773
-4.010498 2.747803 4.030273
0.591364 -0.806405 -0.000116
0 0 0 0
0.952637 0.603455
-4.010498 2.747803 -3.989502
0.681238 -0.732062 -0.000269
0 0 0 0
0.160889 0.594116
-4.004395 2.759521 4.02417
1 0.000978 -0.000001
0 0 0 0
0.95166 0.604736
-4.004395 2.759521 -3.989502
1 0.000978 -0.000001
0 0 0 0
0.16095 0.595459
-4.010498 2.77124 -3.989502
0.681238 0.732062 -0.000269
0 0 0 0
0.161011 0.596741
-4.010498 2.77124 4.030273
0.591364 0.806405 -0.000116
0 0 0 0
0.952515 0.606079
-4.004395 2.759521 4.02417
-0.001382 0.001382 -0.999998
0 0 0 0
0.951599 0.637268
-2.086914 2.77124 4.030273
-0.001267 0.733523 -0.679663
0 0 0 0
0.020691 0.645325
-2.086914 2.759521 4.02417
-0.001382 0.001382 -0.999998
0 0 0 0
0.020691 0.638489
-4.010498 2.77124 4.030273
-0.001233 0.807367 -0.590049
0 0 0 0
0.95636 0.644165
-2.086914 2.776855 4.042725
-0.000977 1 -0.000001
0 0 0 0
0.020691 0.652161
-4.023193 2.776855 4.042969
0.001074 0.978345 0.206977
0 0 0 0
0.961182 0.651001
-2.086914 2.77124 4.05542
0.001269 0.729412 0.684074
0 0 0 0
0.020691 0.659058
-4.035645 2.77124 4.05542
0.001304 0.624831 0.780759
0 0 0 0
0.966064 0.657837
-2.086914 2.759521 4.061279
0.001382 0.001382 0.999998
0 0 0 0
0.020691 0.666016
-4.041748 2.759521 4.061279
0.001382 -0.001382 0.999998
0 0 0 0
0.970947 0.664612
-4.035645 2.747803 4.05542
0.001304 -0.624831 0.780759
0 0 0 0
0.966064 0.671387
-2.086914 2.747803 4.05542
0.001269 -0.729412 0.684074
0 0 0 0
0.020691 0.672913
-4.023193 2.742188 4.042969
0.001074 -0.978345 0.206977
0 0 0 0
0.961243 0.678162
-2.086914 2.742188 4.042725
-0.000977 -1 -0.000001
0 0 0 0
0.020752 0.67981
-4.010498 2.747803 4.030273
-0.001233 -0.807367 -0.590049
0 0 0 0
0.956421 0.685059
-2.086914 2.747803 4.030273
-0.001267 -0.733523 -0.679663
0 0 0 0
0.020752 0.686646
-4.004395 2.759521 4.02417
-0.001382 0.001382 -0.999998
0 0 0 0
0.95166 0.691956
-2.086914 2.759521 4.02417
-0.001382 0.001382 -0.999998
0 0 0 0
0.020752 0.693481
4.005127 2.770996 4.030273
0.001268 0.73147 -0.681872
0 0 0 0
0.102356 0.744995
-2.086914 2.770996 4.030273
0.001268 0.73147 -0.681872
0 0 0 0
0.912415 0.758423
-2.086914 2.776611 4.042725
0.000978 1 -0.000001
0 0 0 0
0.912354 0.756592
4.005127 2.776611 4.042725
0.000978 1 -0.000001
0 0 0 0
0.102478 0.743164
-2.086914 2.770996 4.05542
0.001268 0.73147 0.681872
0 0 0 0
0.912354 0.754761
4.005127 2.770996 4.05542
0.001268 0.73147 0.681872
0 0 0 0
0.102539 0.741333
-2.086914 2.759277 4.061279
0.001382 0.001382 0.999998
0 0 0 0
0.912292 0.752991
4.005127 2.759277 4.061279
0.001382 0.001382 0.999998
0 0 0 0
0.102539 0.739563
-2.086914 2.747559 4.05542
0.001268 -0.73147 0.681872
0 0 0 0
0.912231 0.751282
4.005127 2.747559 4.05542
0.001268 -0.73147 0.681872
0 0 0 0
0.102478 0.737793
-2.086914 2.741943 4.042725
0.000978 -1 -0.000001
0 0 0 0
0.912231 0.749451
4.005127 2.741943 4.042725
0.000978 -1 -0.000001
0 0 0 0
0.102417 0.735962
-2.086914 2.747559 4.030273
0.001268 -0.73147 -0.681872
0 0 0 0
0.91217 0.74762
4.005127 2.747559 4.030273
0.001268 -0.73147 -0.681872
0 0 0 0
0.102417 0.734131
-2.086914 2.759277 4.02417
0.001382 0.001382 -0.999998
0 0 0 0
0.912292 0.74585
4.005127 2.759277 4.02417
0.001382 0.001382 -0.999998
0 0 0 0
0.102356 0.732422
-2.086914 2.770996 4.030273
0.001268 0.73147 -0.681872
0 0 0 0
0.912415 0.74408
4.005127 2.770996 4.030273
0.001268 0.73147 -0.681872
0 0 0 0
0.102356 0.730652
4.005127 2.864502 4.042725
0.000978 1 -0.000001
0 0 0 0
0.102478 0.614197
-2.086914 2.858887 4.05542
0.001268 0.73147 0.681872
0 0 0 0
0.912354 0.612
4.005127 2.858887 4.05542
0.001268 0.73147 0.681872
0 0 0 0
0.102539 0.612366
-2.086914 2.864502 4.042725
-0.000977 1 -0.000001
0 0 0 0
0.912354 0.613831
4.005127 2.858887 4.030273
0.001268 0.73147 -0.681872
0 0 0 0
0.102356 0.616028
-2.086914 2.858887 4.030273
-0.001268 0.73147 -0.681872
0 0 0 0
0.912415 0.615662
4.005127 2.847168 4.02417
0.001382 0.001382 -0.999998
0 0 0 0
0.102356 0.617737
-2.086914 2.847168 4.02417
-0.001382 0.001382 -0.999998
0 0 0 0
0.912292 0.617432
4.005127 2.835449 4.030273
0.001268 -0.73147 -0.681872
0 0 0 0
0.102417 0.619507
-2.086914 2.835449 4.030273
-0.001268 -0.73147 -0.681872
0 0 0 0
0.91217 0.619202
4.005127 2.829834 4.042725
0.000978 -1 -0.000001
0 0 0 0
0.102417 0.621338
-2.086914 2.829834 4.042725
-0.000977 -1 -0.000001
0 0 0 0
0.912231 0.621033
4.005127 2.835449 4.05542
0.001268 -0.73147 0.681872
0 0 0 0
0.102478 0.623169
-2.086914 2.835449 4.05542
0.001268 -0.73147 0.681872
0 0 0 0
0.912231 0.622864
4.005127 2.847168 4.061279
0.001382 0.001382 0.999998
0 0 0 0
0.102539 0.624939
-2.086914 2.847168 4.061279
0.001382 0.001382 0.999998
0 0 0 0
0.912292 0.624573
4.005127 2.858887 4.05542
0.001268 0.73147 0.681872
0 0 0 0
0.102539 0.626709
-2.086914 2.858887 4.05542
0.001268 0.73147 0.681872
0 0 0 0
0.912354 0.626343
-3.967041 2.668945 4.02417
0.001382 0.001382 -0.999998
0 0 0 0
0.073547 0.355469
-3.967041 2.845947 4.02417
0.001382 0.001382 -0.999998
0 0 0 0
0.295288 0.355469
-3.95459 2.845947 4.030273
0.708541 0.001277 -0.705669
0 0 0 0
0.295288 0.358765
-3.95459 2.668945 4.030273
0.708541 0.001277 -0.705669
0 0 0 0
0.073547 0.358765
-3.948486 2.845947 4.042725
1 0.000978 -0.000001
0 0 0 0
0.295288 0.362
-3.948486 2.668945 4.042725
1 0.000978 -0.000001
0 0 0 0
0.073547 0.362
-3.95459 2.845947 4.05542
0.708541 0.001277 0.705669
0 0 0 0
0.295288 0.365234
-3.95459 2.668945 4.05542
0.708541 0.001277 0.705669
0 0 0 0
0.073547 0.365234
-3.967041 2.845947 4.061279
0.001382 0.001382 0.999998
0 0 0 0
0.295288 0.36853
-3.967041 2.668945 4.061279
0.001382 0.001382 0.999998
0 0 0 0
0.073547 0.36853
-3.979492 2.845947 4.05542
-0.708541 0.001277 0.705669
0 0 0 0
0.295349 0.371765
-3.979492 2.668945 4.05542
-0.708541 0.001277 0.705669
0 0 0 0
0.073547 0.371765
-3.985596 2.845947 4.042725
-1 0.000978 -0.000001
0 0 0 0
0.295349 0.375
-3.985596 2.668945 4.042725
-1 0.000978 -0.000001
0 0 0 0
0.073547 0.375
-3.979492 2.845947 4.030273
-0.706425 0.001277 -0.707786
0 0 0 0
0.295349 0.378296
-3.979492 2.668945 4.030273
-0.706425 0.001277 -0.707786
0 0 0 0
0.073547 0.378296
-3.967041 2.845947 4.02417
0.001382 0.001382 -0.999998
0 0 0 0
0.295349 0.381531
-3.967041 2.668945 4.02417
0.001382 0.001382 -0.999998
0 0 0 0
0.073547 0.381531
0.956543 2.536377 4.02417
0.006912 0.001382 -0.999975
0 0 0 0
0.073547 0.355469
0.956543 2.848145 4.02417
0.006912 0.001382 -0.999975
0 0 0 0
0.296387 0.355469
0.96875 2.848145 4.030273
0.708541 0.001277 -0.705669
0 0 0 0
0.296387 0.358765
0.96875 2.536377 4.030273
0.708541 0.001277 -0.705669
0 0 0 0
0.073547 0.358765
0.975098 2.848145 4.042725
0.99963 0.000991 -0.027182
0 0 0 0
0.296387 0.362
0.975098 2.536377 4.042725
0.99963 0.000991 -0.027182
0 0 0 0
0.073547 0.362
0.969482 2.848145 4.054688
0.708541 0.001277 0.705669
0 0 0 0
0.296387 0.365234
0.969482 2.536377 4.054688
0.708541 0.001277 0.705669
0 0 0 0
0.073547 0.365234
0.956543 2.848145 4.061279
0.042845 0.001382 0.999081
0 0 0 0
0.296387 0.36853
0.956543 2.536377 4.061279
0.042845 0.001382 0.999081
0 0 0 0
0.073547 0.36853
0.94458 2.848145 4.055664
-0.706425 0.001277 0.707786
0 0 0 0
0.296448 0.371765
0.94458 2.536377 4.055664
-0.706425 0.001277 0.707786
0 0 0 0
0.073547 0.371765
0.937988 2.848145 4.042725
-0.999728 0.000989 0.023322
0 0 0 0
0.296448 0.375
0.937988 2.536377 4.042725
-0.999728 0.000989 0.023322
0 0 0 0
0.073547 0.375
0.943848 2.848145 4.030273
-0.708541 0.001277 -0.705669
0 0 0 0
0.296448 0.378296
0.943848 2.536377 4.030273
-0.708541 0.001277 -0.705669
0 0 0 0
0.073547 0.378296
0.956543 2.848145 4.02417
0.006912 0.001382 -0.999975
0 0 0 0
0.296448 0.381531
0.956543 2.536377 4.02417
0.006912 0.001382 -0.999975
0 0 0 0
0.073547 0.381531
-4.004395 2.668945 -0.681641
1 0.000978 -0.000001
0 0 0 0
0.073547 0.355469
-4.004395 2.847168 -0.681641
1 0.000978 -0.000001
0 0 0 0
0.296631 0.35553
-4.010498 2.847168 -0.669189
0.706425 0.001277 0.707786
0 0 0 0
0.296631 0.358765
-4.010498 2.668945 -0.669189
0.706425 0.001277 0.707786
0 0 0 0
0.073547 0.358765
-4.022949 2.847168 -0.663086
0.001382 0.001382 0.999998
0 0 0 0
0.296631 0.362
-4.022949 2.668945 -0.663086
0.001382 0.001382 0.999998
0 0 0 0
0.073547 0.362
-4.035645 2.847168 -0.669189
-0.706425 0.001277 0.707786
0 0 0 0
0.296631 0.365234
-4.035645 2.668945 -0.669189
-0.706425 0.001277 0.707786
0 0 0 0
0.073547 0.365234
-4.041748 2.847168 -0.681641
-1 0.000978 -0.000001
0 0 0 0
0.296631 0.36853
-4.041748 2.668945 -0.681641
-1 0.000978 -0.000001
0 0 0 0
0.073547 0.36853
-4.035645 2.847168 -0.694336
-0.706425 0.001277 -0.707786
0 0 0 0
0.296692 0.371765
-4.035645 2.668945 -0.694336
-0.706425 0.001277 -0.707786
0 0 0 0
0.073547 0.371765
-4.022949 2.847168 -0.700439
0.001382 0.001382 -0.999998
0 0 0 0
0.296692 0.375
-4.022949 2.668945 -0.700439
0.001382 0.001382 -0.999998
0 0 0 0
0.073547 0.375
-4.010498 2.847168 -0.694336
0.706425 0.001277 -0.707786
0 0 0 0
0.296692 0.378296
-4.010498 2.668945 -0.694336
0.706425 0.001277 -0.707786
0 0 0 0
0.073547 0.378296
-4.004395 2.847168 -0.681641
1 0.000978 -0.000001
0 0 0 0
0.296692 0.381531
-4.004395 2.668945 -0.681641
1 0.000978 -0.000001
0 0 0 0
0.073547 0.381531
-4.004395 2.668945 0.830566
1 0.000978 -0.000001
0 0 0 0
0.073547 0.355469
-4.004395 2.847168 0.830566
1 0.000978 -0.000001
0 0 0 0
0.296631 0.35553
-4.010498 2.847168 0.843262
0.706425 0.001277 0.707786
0 0 0 0
0.296631 0.358765
-4.010498 2.668945 0.843262
0.706425 0.001277 0.707786
0 0 0 0
0.073547 0.358765
-4.022949 2.847168 0.849365
0.001382 0.001382 0.999998
0 0 0 0
0.296631 0.362
-4.022949 2.668945 0.849365
0.001382 0.001382 0.999998
0 0 0 0
0.073547 0.362
-4.035645 2.847168 0.843262
-0.706425 0.001277 0.707786
0 0 0 0
0.296631 0.365234
-4.035645 2.668945 0.843262
-0.706425 0.001277 0.707786
0 0 0 0
0.073547 0.365234
-4.041748 2.847168 0.830566
-1 0.000978 -0.000001
0 0 0 0
0.296631 0.36853
-4.041748 2.668945 0.830566
-1 0.000978 -0.000001
0 0 0 0
0.073547 0.36853
-4.035645 2.847168 0.818115
-0.706425 0.001277 -0.707786
0 0 0 0
0.296692 0.371765
-4.035645 2.668945 0.818115
-0.706425 0.001277 -0.707786
0 0 0 0
0.073547 0.371765
-4.022949 2.847168 0.812012
0.001382 0.001382 -0.999998
0 0 0 0
0.296692 0.375
-4.022949 2.668945 0.812012
0.001382 0.001382 -0.999998
0 0 0 0
0.073547 0.375
-4.010498 2.847168 0.818115
0.706425 0.001277 -0.707786
0 0 0 0
0.296692 0.378296
-4.010498 2.668945 0.818115
0.706425 0.001277 -0.707786
0 0 0 0
0.073547 0.378296
-4.004395 2.847168 0.830566
1 0.000978 -0.000001
0 0 0 0
0.296692 0.381531
-4.004395 2.668945 0.830566
1 0.000978 -0.000001
0 0 0 0
0.073547 0.381531
2.440918 2.668945 4.070801
0.001382 0.001382 0.999998
0 0 0 0
0.223267 -0.004822
2.440918 2.530029 4.070801
0.001382 0.001382 0.999998
0 0 0 0
0.223267 -0.0896
2.496826 2.530029 4.070801
0.001382 0.001382 0.999998
0 0 0 0
0.245605 -0.0896
2.496826 2.668945 4.070801
0.001382 0.001382 0.999998
0 0 0 0
0.245605 -0.004822
2.496826 2.668945 4.014648
1 0.000978 -0.000001
0 0 0 0
0.223267 -0.0896
2.496826 2.668945 4.070801
1 0.000978 -0.000001
0 0 0 0
0.245605 -0.0896
2.496826 2.530029 4.070801
1 0.000978 -0.000001
0 0 0 0
0.245605 -0.004822
2.496826 2.530029 4.014648
1 0.000978 -0.000001
0 0 0 0
0.223267 -0.004822
2.496826 2.530029 4.014648
0.000978 -1 -0.000001
0 0 0 0
0.121399 -0.027893
2.496826 2.530029 4.070801
0.000978 -1 -0.000001
0 0 0 0
0.121399 -0.003845
2.440918 2.530029 4.070801
0.000978 -1 -0.000001
0 0 0 0
0.097412 -0.003845
2.440918 2.530029 4.014648
0.000978 -1 -0.000001
0 0 0 0
0.097412 -0.027893
2.440918 2.530029 4.014648
-1 0.000978 -0.000001
0 0 0 0
0.245605 -0.004822
2.440918 2.530029 4.070801
-1 0.000978 -0.000001
0 0 0 0
0.223267 -0.004822
2.440918 2.668945 4.070801
-1 0.000978 -0.000001
0 0 0 0
0.223267 -0.0896
2.440918 2.668945 4.014648
-1 0.000978 -0.000001
0 0 0 0
0.245605 -0.0896
2.440918 2.668945 4.070801
0.000978 1 -0.000001
0 0 0 0
0.097412 -0.027893
2.496826 2.668945 4.070801
0.000978 1 -0.000001
0 0 0 0
0.121399 -0.027893
2.496826 2.668945 4.014648
0.000978 1 -0.000001
0 0 0 0
0.121399 -0.003845
2.440918 2.668945 4.014648
0.000978 1 -0.000001
0 0 0 0
0.097412 -0.003845
0.928467 2.668945 4.070801
0.001382 0.001382 0.999998
0 0 0 0
0.223267 -0.004822
0.928467 2.530029 4.070801
0.001382 0.001382 0.999998
0 0 0 0
0.223267 -0.0896
0.984375 2.530029 4.070801
0.001382 0.001382 0.999998
0 0 0 0
0.245605 -0.0896
0.984375 2.668945 4.070801
0.001382 0.001382 0.999998
0 0 0 0
0.245605 -0.004822
0.984375 2.668945 4.014648
1 0.000978 -0.000001
0 0 0 0
0.223267 -0.0896
0.984375 2.668945 4.070801
1 0.000978 -0.000001
0 0 0 0
0.245605 -0.0896
0.984375 2.530029 4.070801
1 0.000978 -0.000001
0 0 0 0
0.245605 -0.004822
0.984375 2.530029 4.014648
1 0.000978 -0.000001
0 0 0 0
0.223267 -0.004822
0.984375 2.530029 4.014648
0.000978 -1 -0.000001
0 0 0 0
0.121399 -0.027893
0.984375 2.530029 4.070801
0.000978 -1 -0.000001
0 0 0 0
0.121399 -0.003845
0.928467 2.530029 4.070801
0.000978 -1 -0.000001
0 0 0 0
0.097412 -0.003845
0.928467 2.530029 4.014648
0.000978 -1 -0.000001
0 0 0 0
0.097412 -0.027893
0.928467 2.530029 4.014648
-1 0.000978 -0.000001
0 0 0 0
0.245605 -0.004822
0.928467 2.530029 4.070801
-1 0.000978 -0.000001
0 0 0 0
0.223267 -0.004822
0.928467 2.668945 4.070801
-1 0.000978 -0.000001
0 0 0 0
0.223267 -0.0896
0.928467 2.668945 4.014648
-1 0.000978 -0.000001
0 0 0 0
0.245605 -0.0896
0.928467 2.668945 4.070801
0.000978 1 -0.000001
0 0 0 0
0.097412 -0.027893
0.984375 2.668945 4.070801
0.000978 1 -0.000001
0 0 0 0
0.121399 -0.027893
0.984375 2.668945 4.014648
0.000978 1 -0.000001
0 0 0 0
0.121399 -0.003845
0.928467 2.668945 4.014648
0.000978 1 -0.000001
0 0 0 0
0.097412 -0.003845
-2.096436 2.668945 3.981445
0.000978 1 -0.000001
0 0 0 0
0.003967 1.001526
4.004883 2.668945 4.014648
0.000978 1 -0.000001
0 0 0 0
0.995789 1.028015
4.004883 2.668945 3.981445
0.000978 1 -0.000001
0 0 0 0
0.995789 1.001526
-2.096436 2.668945 4.014648
0.000978 1 -0.000001
0 0 0 0
0.003967 1.028015
-2.096436 2.530029 3.981445
0.001382 0.001382 -0.999998
0 0 0 0
0.003784 1.033142
-2.096436 2.668945 3.981445
0.001382 0.001382 -0.999998
0 0 0 0
0.003784 1.09137
4.004883 2.668945 3.981445
0.001382 0.001382 -0.999998
0 0 0 0
0.996216 1.09137
4.004883 2.530029 3.981445
0.001382 0.001382 -0.999998
0 0 0 0
0.996216 1.033142
4.004883 2.530029 3.981445
1 0.000978 -0.000001
0 0 0 0
0.247925 0.997192
4.004883 2.668945 3.981445
1 0.000978 -0.000001
0 0 0 0
0.247925 0.907898
4.004883 2.668945 4.014648
1 0.000978 -0.000001
0 0 0 0
0.221069 0.907898
4.004883 2.530029 4.014648
1 0.000978 -0.000001
0 0 0 0
0.221069 0.997192
-2.096436 2.668945 4.014648
-0.001382 0.001382 0.999998
0 0 0 0
0.003784 1.033142
4.004883 2.530029 4.014648
0.001382 0.001382 0.999998
0 0 0 0
0.996216 1.09137
4.004883 2.668945 4.014648
0.001382 0.001382 0.999998
0 0 0 0
0.996216 1.033142
-2.096436 2.530029 4.014648
-0.001382 0.001382 0.999998
0 0 0 0
0.003784 1.09137
-2.096436 2.530029 3.981445
0.000978 -1 -0.000001
0 0 0 0
0.003723 1.028015
4.004883 2.530029 3.981445
0.000978 -1 -0.000001
0 0 0 0
0.995789 1.028015
4.004883 2.530029 4.014648
0.000978 -1 -0.000001
0 0 0 0
0.995789 1.001526
-2.096436 2.530029 4.014648
0.000978 -1 -0.000001
0 0 0 0
0.003723 1.001526
-0.583984 2.668945 4.070801
0.001382 0.001382 0.999998
0 0 0 0
0.223267 -0.004822
-0.583984 2.530029 4.070801
0.001382 0.001382 0.999998
0 0 0 0
0.223267 -0.0896
-0.527832 2.530029 4.070801
0.001382 0.001382 0.999998
0 0 0 0
0.245605 -0.0896
-0.527832 2.668945 4.070801
0.001382 0.001382 0.999998
0 0 0 0
0.245605 -0.004822
-0.527832 2.668945 4.014648
1 0.000978 -0.000001
0 0 0 0
0.223267 -0.0896
-0.527832 2.668945 4.070801
1 0.000978 -0.000001
0 0 0 0
0.245605 -0.0896
-0.527832 2.530029 4.070801
1 0.000978 -0.000001
0 0 0 0
0.245605 -0.004822
-0.527832 2.530029 4.014648
1 0.000978 -0.000001
0 0 0 0
0.223267 -0.004822
-0.527832 2.530029 4.014648
0.000978 -1 -0.000001
0 0 0 0
0.121399 -0.027893
-0.527832 2.530029 4.070801
0.000978 -1 -0.000001
0 0 0 0
0.121399 -0.003845
-0.583984 2.530029 4.070801
0.000978 -1 -0.000001
0 0 0 0
0.097412 -0.003845
-0.583984 2.530029 4.014648
0.000978 -1 -0.000001
0 0 0 0
0.097412 -0.027893
-0.583984 2.530029 4.014648
-1 0.000978 -0.000001
0 0 0 0
0.245605 -0.004822
-0.583984 2.530029 4.070801
-1 0.000978 -0.000001
0 0 0 0
0.223267 -0.004822
-0.583984 2.668945 4.070801
-1 0.000978 -0.000001
0 0 0 0
0.223267 -0.0896
-0.583984 2.668945 4.014648
-1 0.000978 -0.000001
0 0 0 0
0.245605 -0.0896
-0.583984 2.668945 4.070801
0.000978 1 -0.000001
0 0 0 0
0.097412 -0.027893
-0.527832 2.668945 4.070801
0.000978 1 -0.000001
0 0 0 0
0.121399 -0.027893
-0.527832 2.668945 4.014648
0.000978 1 -0.000001
0 0 0 0
0.121399 -0.003845
-0.583984 2.668945 4.014648
0.000978 1 -0.000001
0 0 0 0
0.097412 -0.003845
-2.096436 2.668945 4.070801
0.001382 0.001382 0.999998
0 0 0 0
0.223267 -0.004822
-2.096436 2.530029 4.070801
0.001382 0.001382 0.999998
0 0 0 0
0.223267 -0.0896
-2.040283 2.530029 4.070801
0.001382 0.001382 0.999998
0 0 0 0
0.245605 -0.0896
-2.040283 2.668945 4.070801
0.001382 0.001382 0.999998
0 0 0 0
0.245605 -0.004822
-2.040283 2.668945 4.014648
1 0.000978 -0.000001
0 0 0 0
0.223267 -0.0896
-2.040283 2.668945 4.070801
1 0.000978 -0.000001
0 0 0 0
0.245605 -0.0896
-2.040283 2.530029 4.070801
1 0.000978 -0.000001
0 0 0 0
0.245605 -0.004822
-2.040283 2.530029 4.014648
1 0.000978 -0.000001
0 0 0 0
0.223267 -0.004822
-2.040283 2.530029 4.014648
0.000978 -1 -0.000001
0 0 0 0
0.097412 0.972107
-2.040283 2.530029 4.070801
0.000978 -1 -0.000001
0 0 0 0
0.097412 0.996155
-2.096436 2.530029 4.070801
0.000978 -1 -0.000001
0 0 0 0
0.121399 0.996155
-2.096436 2.530029 4.014648
0.000978 -1 -0.000001
0 0 0 0
0.121399 0.972107
-2.096436 2.530029 4.014648
-1 0.000978 -0.000001
0 0 0 0
0.245605 -0.004822
-2.096436 2.530029 4.070801
-1 0.000978 -0.000001
0 0 0 0
0.223267 -0.004822
-2.096436 2.668945 4.070801
-1 0.000978 -0.000001
0 0 0 0
0.223267 -0.0896
-2.096436 2.668945 4.014648
-1 0.000978 -0.000001
0 0 0 0
0.245605 -0.0896
-2.096436 2.668945 4.070801
0.000978 1 -0.000001
0 0 0 0
0.097412 -0.027893
-2.040283 2.668945 4.070801
0.000978 1 -0.000001
0 0 0 0
0.121399 -0.027893
-2.040283 2.668945 4.014648
0.000978 1 -0.000001
0 0 0 0
0.121399 -0.003845
-2.096436 2.668945 4.014648
0.000978 1 -0.000001
0 0 0 0
0.097412 -0.003845
-3.995117 2.668945 4.070801
0.001382 0.001382 0.999998
0 0 0 0
0.223267 -0.004822
-3.995117 2.530029 4.070801
0.001382 0.001382 0.999998
0 0 0 0
0.223267 -0.064209
-3.938965 2.530029 4.070801
0.001382 0.001382 0.999998
0 0 0 0
0.245605 -0.064209
-3.938965 2.668945 4.070801
0.001382 0.001382 0.999998
0 0 0 0
0.245605 -0.004822
-3.938965 2.668945 4.014648
1 0.000978 -0.000001
0 0 0 0
0.223267 -0.064148
-3.938965 2.668945 4.070801
1 0.000978 -0.000001
0 0 0 0
0.245605 -0.064148
-3.938965 2.530029 4.070801
1 0.000978 -0.000001
0 0 0 0
0.245605 -0.004822
-3.938965 2.530029 4.014648
1 0.000978 -0.000001
0 0 0 0
0.223267 -0.004822
-3.938965 2.530029 4.014648
0.000978 -1 -0.000001
0 0 0 0
0.121399 -0.027893
-3.938965 2.530029 4.070801
0.000978 -1 -0.000001
0 0 0 0
0.121399 -0.003845
-3.995117 2.530029 4.070801
0.000978 -1 -0.000001
0 0 0 0
0.097412 -0.003845
-3.995117 2.530029 4.014648
0.000978 -1 -0.000001
0 0 0 0
0.097412 -0.027893
-3.995117 2.530029 4.014648
-1 0.000978 -0.000001
0 0 0 0
0.245605 -0.004822
-3.995117 2.530029 4.070801
-1 0.000978 -0.000001
0 0 0 0
0.223267 -0.004822
-3.995117 2.668945 4.070801
-1 0.000978 -0.000001
0 0 0 0
0.223267 -0.064148
-3.995117 2.668945 4.014648
-1 0.000978 -0.000001
0 0 0 0
0.245605 -0.064148
-3.995117 2.668945 4.070801
0.000978 1 -0.000001
0 0 0 0
0.097412 -0.027893
-3.938965 2.668945 4.070801
0.000978 1 -0.000001
0 0 0 0
0.121399 -0.027893
-3.938965 2.668945 4.014648
0.000978 1 -0.000001
0 0 0 0
0.121399 -0.003845
-3.995117 2.668945 4.014648
0.000978 1 -0.000001
0 0 0 0
0.097412 -0.003845
-3.995117 2.668945 3.981445
-1 0.000978 -0.000001
0 0 0 0
0.224426 -0.092834
-3.995117 2.530029 3.981445
-1 0.000978 -0.000001
0 0 0 0
0.221069 -0.002808
-3.995117 2.530029 4.014648
-1 0.000978 -0.000001
0 0 0 0
0.247925 -0.002808
-3.995117 2.668945 4.014648
-1 0.000978 -0.000001
0 0 0 0
0.244507 -0.092834
-2.096436 2.530029 3.981445
0.000978 -1 -0.000001
0 0 0 0
0.974915 1.028015
-2.096436 2.530029 4.014648
0.000978 -1 -0.000001
0 0 0 0
0.974915 1.001526
-3.995117 2.530029 4.014648
0.000978 -1 -0.000001
0 0 0 0
0.002563 1.001526
-3.995117 2.530029 3.981445
0.000978 -1 -0.000001
0 0 0 0
0.002563 1.028015
-3.995117 2.668945 4.014648
-0.001382 0.001382 0.999998
0 0 0 0
0.002197 1.033142
-3.995117 2.530029 4.014648
-0.001382 0.001382 0.999998
0 0 0 0
0.002197 1.09137
-2.096436 2.530029 4.014648
-0.001382 0.001382 0.999998
0 0 0 0
0.59375 1.09137
-2.096436 2.668945 4.014648
-0.001382 0.001382 0.999998
0 0 0 0
0.59375 1.033142
-2.096436 2.668945 3.981445
0.000978 1 -0.000001
0 0 0 0
0.974915 1.001526
-3.995117 2.668945 3.981445
0.000978 1 -0.000001
0 0 0 0
0.002563 1.001526
-3.995117 2.668945 4.014648
0.000978 1 -0.000001
0 0 0 0
0.002563 1.028015
-2.096436 2.668945 4.014648
0.000978 1 -0.000001
0 0 0 0
0.974915 1.028015
-3.995117 2.530029 3.981445
0.001382 0.001382 -0.999998
0 0 0 0
0.002197 1.033142
-3.995117 2.668945 3.981445
0.001382 0.001382 -0.999998
0 0 0 0
0.002197 1.09137
-2.096436 2.668945 3.981445
0.001382 0.001382 -0.999998
0 0 0 0
0.59375 1.09137
-2.096436 2.530029 3.981445
0.001382 0.001382 -0.999998
0 0 0 0
0.59375 1.033142
-3.995117 2.530029 -3.986084
-1 0.000978 -0.000001
0 0 0 0
0.002197 1.09137
-3.995117 2.668945 3.981445
-1 0.000978 -0.000001
0 0 0 0
0.996216 1.033142
-3.995117 2.668945 -3.986084
-1 0.000978 -0.000001
0 0 0 0
0.002197 1.033142
-3.995117 2.530029 3.981445
-1 0.000978 -0.000001
0 0 0 0
0.996216 1.09137
-3.961914 2.668945 -3.986084
0.000978 1 -0.000001
0 0 0 0
0.002563 1.001526
-3.995117 2.668945 -3.986084
0.000978 1 -0.000001
0 0 0 0
0.002563 1.028015
-3.995117 2.668945 3.981445
0.000978 1 -0.000001
0 0 0 0
0.974915 1.028015
-3.96167 2.668945 3.981445
0.000978 1 -0.000001
0 0 0 0
0.974915 1.001526
-3.995117 2.530029 3.981445
0.000978 -1 -0.000001
0 0 0 0
0.974915 1.001526
-3.995117 2.530029 -3.986084
0.000978 -1 -0.000001
0 0 0 0
0.002563 1.001526
-3.961914 2.530029 -3.986084
0.000978 -1 -0.000001
0 0 0 0
0.002563 1.028015
-3.96167 2.530029 3.981445
0.000978 -1 -0.000001
0 0 0 0
0.974915 1.028015
-3.961914 2.530029 -3.986084
1 0.000978 0.000001
0 0 0 0
0.002197 1.033142
-3.961914 2.668945 -3.986084
1 0.000978 0.000001
0 0 0 0
0.002197 1.09137
-3.96167 2.668945 3.981445
1 0.000978 0.000001
0 0 0 0
0.996216 1.09137
-3.96167 2.530029 3.981445
1 0.000978 0.000001
0 0 0 0
0.996216 1.033142
-3.96167 2.530029 3.981445
0.001382 0.001382 0.999998
0 0 0 0
0.247925 -0.002808
-3.96167 2.668945 3.981445
0.001382 0.001382 0.999998
0 0 0 0
0.244507 -0.092834
-3.995117 2.668945 3.981445
0.001382 0.001382 0.999998
0 0 0 0
0.224426 -0.092834
-3.995117 2.530029 3.981445
0.001382 0.001382 0.999998
0 0 0 0
0.221069 -0.002808
-4.051025 2.668945 2.315186
-1 0.000978 -0.000001
0 0 0 0
0.223267 -0.004822
-4.051025 2.530029 2.315186
-1 0.000978 -0.000001
0 0 0 0
0.223267 -0.064209
-4.051025 2.530029 2.371094
-1 0.000978 -0.000001
0 0 0 0
0.245605 -0.064209
-4.051025 2.668945 2.371094
-1 0.000978 -0.000001
0 0 0 0
0.245605 -0.004822
-3.995117 2.668945 2.371094
0.001382 0.001382 0.999998
0 0 0 0
0.223267 -0.064148
-4.051025 2.668945 2.371094
0.001382 0.001382 0.999998
0 0 0 0
0.245605 -0.064148
-4.051025 2.530029 2.371094
0.001382 0.001382 0.999998
0 0 0 0
0.245605 -0.004822
-3.995117 2.530029 2.371094
0.001382 0.001382 0.999998
0 0 0 0
0.223267 -0.004822
-3.995117 2.530029 2.371094
0.000978 -1 -0.000001
0 0 0 0
0.121399 -0.027893
-4.051025 2.530029 2.371094
0.000978 -1 -0.000001
0 0 0 0
0.121399 -0.003845
-4.051025 2.530029 2.315186
0.000978 -1 -0.000001
0 0 0 0
0.097412 -0.003845
-3.995117 2.530029 2.315186
0.000978 -1 -0.000001
0 0 0 0
0.097412 -0.027893
-3.995117 2.530029 2.315186
0.001382 0.001382 -0.999998
0 0 0 0
0.245605 -0.004822
-4.051025 2.530029 2.315186
0.001382 0.001382 -0.999998
0 0 0 0
0.223267 -0.004822
-4.051025 2.668945 2.315186
0.001382 0.001382 -0.999998
0 0 0 0
0.223267 -0.064148
-3.995117 2.668945 2.315186
0.001382 0.001382 -0.999998
0 0 0 0
0.245605 -0.064148
-4.051025 2.668945 2.315186
0.000978 1 -0.000001
0 0 0 0
0.097412 -0.027893
-4.051025 2.668945 2.371094
0.000978 1 -0.000001
0 0 0 0
0.121399 -0.027893
-3.995117 2.668945 2.371094
0.000978 1 -0.000001
0 0 0 0
0.121399 -0.003845
-3.995117 2.668945 2.315186
0.000978 1 -0.000001
0 0 0 0
0.097412 -0.003845
-4.051025 2.668945 0.802734
-1 0.000978 -0.000001
0 0 0 0
0.223267 -0.004822
-4.051025 2.530029 0.802734
-1 0.000978 -0.000001
0 0 0 0
0.223267 -0.064209
-4.051025 2.530029 0.858643
-1 0.000978 -0.000001
0 0 0 0
0.245605 -0.064209
-4.051025 2.668945 0.858643
-1 0.000978 -0.000001
0 0 0 0
0.245605 -0.004822
-3.995117 2.668945 0.858643
0.001382 0.001382 0.999998
0 0 0 0
0.223267 -0.064148
-4.051025 2.668945 0.858643
0.001382 0.001382 0.999998
0 0 0 0
0.245605 -0.064148
-4.051025 2.530029 0.858643
0.001382 0.001382 0.999998
0 0 0 0
0.245605 -0.004822
-3.995117 2.530029 0.858643
0.001382 0.001382 0.999998
0 0 0 0
0.223267 -0.004822
-3.995117 2.530029 0.858643
0.000978 -1 -0.000001
0 0 0 0
0.121399 -0.027893
-4.051025 2.530029 0.858643
0.000978 -1 -0.000001
0 0 0 0
0.121399 -0.003845
-4.051025 2.530029 0.802734
0.000978 -1 -0.000001
0 0 0 0
0.097412 -0.003845
-3.995117 2.530029 0.802734
0.000978 -1 -0.000001
0 0 0 0
0.097412 -0.027893
-3.995117 2.530029 0.802734
0.001382 0.001382 -0.999998
0 0 0 0
0.245605 -0.004822
-4.051025 2.530029 0.802734
0.001382 0.001382 -0.999998
0 0 0 0
0.223267 -0.004822
-4.051025 2.668945 0.802734
0.001382 0.001382 -0.999998
0 0 0 0
0.223267 -0.064148
-3.995117 2.668945 0.802734
0.001382 0.001382 -0.999998
0 0 0 0
0.245605 -0.064148
-4.051025 2.668945 0.802734
0.000978 1 -0.000001
0 0 0 0
0.097412 -0.027893
-4.051025 2.668945 0.858643
0.000978 1 -0.000001
0 0 0 0
0.121399 -0.027893
-3.995117 2.668945 0.858643
0.000978 1 -0.000001
0 0 0 0
0.121399 -0.003845
-3.995117 2.668945 0.802734
0.000978 1 -0.000001
0 0 0 0
0.097412 -0.003845
-4.051025 2.668945 -0.709717
-1 0.000978 -0.000001
0 0 0 0
0.223267 -0.004822
-4.051025 2.530029 -0.709717
-1 0.000978 -0.000001
0 0 0 0
0.223267 -0.064209
-4.051025 2.530029 -0.653809
-1 0.000978 -0.000001
0 0 0 0
0.245605 -0.064209
-4.051025 2.668945 -0.653809
-1 0.000978 -0.000001
0 0 0 0
0.245605 -0.004822
-3.995117 2.668945 -0.653809
0.001382 0.001382 0.999998
0 0 0 0
0.223267 -0.064148
-4.051025 2.668945 -0.653809
0.001382 0.001382 0.999998
0 0 0 0
0.245605 -0.064148
-4.051025 2.530029 -0.653809
0.001382 0.001382 0.999998
0 0 0 0
0.245605 -0.004822
-3.995117 2.530029 -0.653809
0.001382 0.001382 0.999998
0 0 0 0
0.223267 -0.004822
-3.995117 2.530029 -0.653809
0.000978 -1 -0.000001
0 0 0 0
0.121399 -0.027893
-4.051025 2.530029 -0.653809
0.000978 -1 -0.000001
0 0 0 0
0.121399 -0.003845
-4.051025 2.530029 -0.709717
0.000978 -1 -0.000001
0 0 0 0
0.097412 -0.003845
-3.995117 2.530029 -0.709717
0.000978 -1 -0.000001
0 0 0 0
0.097412 -0.027893
-3.995117 2.530029 -0.709717
0.001382 0.001382 -0.999998
0 0 0 0
0.245605 -0.004822
-4.051025 2.530029 -0.709717
0.001382 0.001382 -0.999998
0 0 0 0
0.223267 -0.004822
-4.051025 2.668945 -0.709717
0.001382 0.001382 -0.999998
0 0 0 0
0.223267 -0.064148
-3.995117 2.668945 -0.709717
0.001382 0.001382 -0.999998
0 0 0 0
0.245605 -0.064148
-4.051025 2.668945 -0.709717
0.000978 1 -0.000001
0 0 0 0
0.097412 -0.027893
-4.051025 2.668945 -0.653809
0.000978 1 -0.000001
0 0 0 0
0.121399 -0.027893
-3.995117 2.668945 -0.653809
0.000978 1 -0.000001
0 0 0 0
0.121399 -0.003845
-3.995117 2.668945 -0.709717
0.000978 1 -0.000001
0 0 0 0
0.097412 -0.003845
-4.051025 2.668945 -2.222168
-1 0.000978 -0.000001
0 0 0 0
0.223267 -0.004822
-4.051025 2.530029 -2.222168
-1 0.000978 -0.000001
0 0 0 0
0.223267 -0.064209
-4.051025 2.530029 -2.16626
-1 0.000978 -0.000001
0 0 0 0
0.245605 -0.064209
-4.051025 2.668945 -2.16626
-1 0.000978 -0.000001
0 0 0 0
0.245605 -0.004822
-3.995117 2.668945 -2.16626
0.001382 0.001382 0.999998
0 0 0 0
0.223267 -0.064148
-4.051025 2.668945 -2.16626
0.001382 0.001382 0.999998
0 0 0 0
0.245605 -0.064148
-4.051025 2.530029 -2.16626
0.001382 0.001382 0.999998
0 0 0 0
0.245605 -0.004822
-3.995117 2.530029 -2.16626
0.001382 0.001382 0.999998
0 0 0 0
0.223267 -0.004822
-3.995117 2.530029 -2.16626
0.000978 -1 -0.000001
0 0 0 0
0.121399 -0.027893
-4.051025 2.530029 -2.16626
0.000978 -1 -0.000001
0 0 0 0
0.121399 -0.003845
-4.051025 2.530029 -2.222168
0.000978 -1 -0.000001
0 0 0 0
0.097412 -0.003845
-3.995117 2.530029 -2.222168
0.000978 -1 -0.000001
0 0 0 0
0.097412 -0.027893
-3.995117 2.530029 -2.222168
0.001382 0.001382 -0.999998
0 0 0 0
0.245605 -0.004822
-4.051025 2.530029 -2.222168
0.001382 0.001382 -0.999998
0 0 0 0
0.223267 -0.004822
-4.051025 2.668945 -2.222168
0.001382 0.001382 -0.999998
0 0 0 0
0.223267 -0.064148
-3.995117 2.668945 -2.222168
0.001382 0.001382 -0.999998
0 0 0 0
0.245605 -0.064148
-4.051025 2.668945 -2.222168
0.000978 1 -0.000001
0 0 0 0
0.097412 -0.027893
-4.051025 2.668945 -2.16626
0.000978 1 -0.000001
0 0 0 0
0.121399 -0.027893
-3.995117 2.668945 -2.16626
0.000978 1 -0.000001
0 0 0 0
0.121399 -0.003845
-3.995117 2.668945 -2.222168
0.000978 1 -0.000001
0 0 0 0
0.097412 -0.003845
320
2 1 0
1 3 0
0 3 4
3 5 4
4 5 6
5 7 6
6 7 8
7 9 8
12 11 10
11 13 10
10 13 14
13 15 14
14 15 16
15 17 16
16 17 18
17 19 18
22 21 20
21 23 20
20 23 24
23 25 24
24 25 26
25 27 26
26 27 28
27 29 28
32 31 30
31 33 30
30 33 34
33 35 34
34 35 36
35 37 36
36 37 38
37 39 38
42 41 40
41 43 40
40 43 44
43 45 44
44 45 46
45 47 46
46 47 48
47 49 48
52 51 50
53 52 50
54 52 53
55 54 53
56 54 55
57 56 55
57 58 56
58 59 56
58 60 59
60 61 59
60 62 61
62 63 61
62 64 63
64 65 63
66 65 64
67 66 64
70 69 68
69 71 68
71 69 72
73 71 72
72 74 73
74 75 73
75 74 76
77 75 76
78 77 76
79 78 76
80 78 79
81 80 79
82 80 81
83 82 81
84 82 83
85 84 83
88 87 86
89 88 86
90 88 89
91 90 89
92 90 91
93 92 91
93 94 92
94 95 92
94 96 95
96 97 95
96 98 97
98 99 97
98 100 99
100 101 99
102 101 100
103 102 100
106 105 104
105 107 104
107 105 108
109 107 108
108 110 109
110 111 109
111 110 112
113 111 112
114 113 112
115 114 112
116 114 115
117 116 115
118 116 117
119 118 117
120 118 119
121 120 119
124 123 122
125 124 122
126 124 125
127 126 125
128 126 127
129 128 127
130 128 129
131 130 129
132 130 131
133 132 131
134 132 133
135 134 133
136 134 135
137 136 135
138 136 137
139 138 137
142 141 140
141 143 140
140 143 144
143 145 144
144 145 146
145 147 146
146 147 148
147 149 148
148 149 150
149 151 150
150 151 152
151 153 152
152 153 154
153 155 154
154 155 156
155 157 156
160 159 158
161 160 158
162 160 161
163 162 161
164 162 163
165 164 163
166 164 165
167 166 165
168 166 167
169 168 167
170 168 169
171 170 169
172 170 171
173 172 171
174 172 173
175 174 173
178 177 176
179 178 176
180 178 179
181 180 179
182 180 181
183 182 181
184 182 183
185 184 183
186 184 185
187 186 185
188 186 187
189 188 187
190 188 189
191 190 189
192 190 191
193 192 191
196 195 194
197 196 194
198 196 197
199 198 197
200 198 199
201 200 199
202 200 201
203 202 201
204 202 203
205 204 203
206 204 205
207 206 205
208 206 207
209 208 207
210 208 209
211 210 209
214 213 212
215 214 212
216 214 215
217 216 215
218 216 217
219 218 217
220 218 219
221 220 219
222 220 221
223 222 221
224 222 223
225 224 223
226 224 225
227 226 225
228 226 227
229 228 227
232 231 230
233 232 230
236 235 234
237 236 234
240 239 238
241 240 238
244 243 242
245 244 242
248 247 246
249 248 246
252 251 250
253 252 250
256 255 254
257 256 254
260 259 258
261 260 258
264 263 262
265 264 262
268 267 266
269 268 266
272 271 270
271 273 270
276 275 274
277 276 274
280 279 278
281 280 278
284 283 282
283 285 282
288 287 286
289 288 286
292 291 290
293 292 290
296 295 294
297 296 294
300 299 298
301 300 298
304 303 302
305 304 302
308 307 306
309 308 306
312 311 310
313 312 310
316 315 314
317 316 314
320 319 318
321 320 318
324 323 322
325 324 322
328 327 326
329 328 326
332 331 330
333 332 330
336 335 334
337 336 334
340 339 338
341 340 338
344 343 342
345 344 342
348 347 346
349 348 346
352 351 350
353 352 350
356 355 354
357 356 354
360 359 358
361 360 358
364 363 362
365 364 362
368 367 366
369 368 366
372 371 370
371 373 370
376 375 374
377 376 374
380 379 378
381 380 378
384 383 382
385 384 382
388 387 386
389 388 386
392 391 390
393 392 390
396 395 394
397 396 394
400 399 398
401 400 398
404 403 402
405 404 402
408 407 406
409 408 406
412 411 410
413 412 410
416 415 414
417 416 414
420 419 418
421 420 418
424 423 422
425 424 422
428 427 426
429 428 426
432 431 430
433 432 430
436 435 434
437 436 434
440 439 438
441 440 438
444 443 442
445 444 442
448 447 446
449 448 446
452 451 450
453 452 450
456 455 454
457 456 454
460 459 458
461 460 458
464 463 462
465 464 462
468 467 466
469 468 466
sm01_environment\outsourcing\dhruva\manmade\os_hvackit\materials\os_hvackit_01_elements_01.material
1
0
144
-3.029541 2.638916 -3.986084
0.000978 -1 -0.000001
0 0 0 0
0.004089 0.933716
-2.09668 2.638916 -3.986084
0.000978 -1 -0.000001
0 0 0 0
0.004089 0.517029
-2.09668 2.638916 -3.180908
0.000978 -1 0.000001
0 0 0 0
0.36377 0.517029
-3.029541 2.638916 -3.180908
0.000978 -1 -0.000001
0 0 0 0
0.36377 0.933716
-2.09668 2.638916 -3.180908
0.000978 -1 0.000001
0 0 0 0
0.134705 0.517029
-2.09668 2.638916 -2.146973
0.000978 -1 -0.000001
0 0 0 0
0.596558 0.517029
-3.029541 2.638916 -2.146973
0.000978 -1 -0.000001
0 0 0 0
0.596558 0.933716
-3.029541 2.638916 -3.180908
0.000978 -1 -0.000001
0 0 0 0
0.134705 0.933716
-3.962158 2.638916 -3.986084
0.000978 -1 -0.000001
0 0 0 0
0.004089 0.514038
-3.029541 2.638916 -3.986084
0.000978 -1 -0.000001
0 0 0 0
0.004089 0.930725
-3.029541 2.638916 -3.180908
0.000978 -1 -0.000001
0 0 0 0
0.36377 0.930725
-3.962158 2.638916 -3.180908
0.000978 -1 -0.000001
0 0 0 0
0.36377 0.514038
-3.029541 2.638916 -3.180908
0.000978 -1 -0.000001
0 0 0 0
0.134705 0.930786
-3.029541 2.638916 -2.146973
0.000978 -1 -0.000001
0 0 0 0
0.596558 0.930725
-3.962158 2.638916 -2.146973
0.000978 -1 -0.000001
0 0 0 0
0.596558 0.514038
-3.962158 2.638916 -3.180908
0.000978 -1 -0.000001
0 0 0 0
0.134705 0.514038
-3.029541 2.638916 -2.146973
0.000978 -1 -0.000001
0 0 0 0
0.004089 0.933716
-2.09668 2.638916 -2.146973
0.000978 -1 -0.000001
0 0 0 0
0.004089 0.517029
-2.09668 2.638916 -1.341797
0.000978 -1 0.000001
0 0 0 0
0.36377 0.517029
-3.029541 2.638916 -1.341797
0.000978 -1 0.000001
0 0 0 0
0.36377 0.933716
-2.09668 2.638916 -1.341797
0.000978 -1 0.000001
0 0 0 0
0.134705 0.517029
-2.09668 2.638916 -0.644043
0.000978 -1 0.000001
0 0 0 0
0.44635 0.517029
-3.029541 2.638916 -0.644043
0.000978 -1 0.000001
0 0 0 0
0.44635 0.933716
-3.029541 2.638916 -1.341797
0.000978 -1 0.000001
0 0 0 0
0.134705 0.933716
-3.962158 2.638916 -2.146973
0.000978 -1 -0.000001
0 0 0 0
0.004089 0.514038
-3.029541 2.638916 -2.146973
0.000978 -1 -0.000001
0 0 0 0
0.004089 0.930725
-3.029541 2.638916 -1.341797
0.000978 -1 0.000001
0 0 0 0
0.36377 0.930725
-3.962158 2.638916 -1.341797
0.000978 -1 -0.000001
0 0 0 0
0.36377 0.514038
-3.029541 2.638916 -1.341797
0.000978 -1 0.000001
0 0 0 0
0.134705 0.930786
-3.029541 2.638916 -0.644043
0.000978 -1 0.000001
0 0 0 0
0.44635 0.930725
-3.962158 2.638916 -0.644043
0.000978 -1 -0.000001
0 0 0 0
0.44635 0.514038
-3.962158 2.638916 -1.341797
0.000978 -1 -0.000001
0 0 0 0
0.134705 0.514038
-3.029541 2.638916 -0.644043
0.000978 -1 0.000001
0 0 0 0
0.004089 0.933716
-2.09668 2.638916 -0.644043
0.000978 -1 0.000001
0 0 0 0
0.004089 0.517029
-2.09668 2.638916 0.161133
0.000978 -1 0.000001
0 0 0 0
0.36377 0.517029
-3.029541 2.638916 0.161133
0.000978 -1 0.000001
0 0 0 0
0.36377 0.933716
-2.09668 2.638916 0.161133
0.000978 -1 0.000001
0 0 0 0
0.134705 0.517029
-2.09668 2.638916 0.858643
0.000978 -1 0.000001
0 0 0 0
0.44635 0.517029
-3.029541 2.638916 0.858643
0.000978 -1 0.000001
0 0 0 0
0.44635 0.933716
-3.029541 2.638916 0.161133
0.000978 -1 0.000001
0 0 0 0
0.134705 0.933716
-3.962158 2.638916 -0.644043
0.000978 -1 -0.000001
0 0 0 0
0.004089 0.514038
-3.029541 2.638916 -0.644043
0.000978 -1 0.000001
0 0 0 0
0.004089 0.930725
-3.029541 2.638916 0.161133
0.000978 -1 0.000001
0 0 0 0
0.36377 0.930725
-3.962158 2.638916 0.161133
0.000978 -1 -0.000001
0 0 0 0
0.36377 0.514038
-3.029541 2.638916 0.161133
0.000978 -1 0.000001
0 0 0 0
0.134705 0.930786
-3.029541 2.638916 0.858643
0.000978 -1 0.000001
0 0 0 0
0.44635 0.930725
-3.962158 2.638916 0.858643
0.000978 -1 -0.000001
0 0 0 0
0.44635 0.514038
-3.962158 2.638916 0.161133
0.000978 -1 -0.000001
0 0 0 0
0.134705 0.514038
-2.09668 2.638916 3.166748
0.000978 -1 -0.000001
0 0 0 0
0.134705 0.517029
-2.09668 2.638916 3.971924
0.000978 -1 0.000001
0 0 0 0
0.494446 0.517029
-3.029541 2.638916 3.971924
0.000978 -1 0.000001
0 0 0 0
0.494446 0.933716
-3.029541 2.638916 3.166748
0.000978 -1 -0.000001
0 0 0 0
0.134705 0.933716
-3.029541 2.638916 2.361572
0.000978 -1 0.000001
0 0 0 0
0.004089 0.933716
-2.09668 2.638916 2.361572
0.000978 -1 0.000001
0 0 0 0
0.004089 0.517029
-2.09668 2.638916 3.166748
0.000978 -1 -0.000001
0 0 0 0
0.36377 0.517029
-3.029541 2.638916 3.166748
0.000978 -1 -0.000001
0 0 0 0
0.36377 0.933716
-3.029541 2.638916 3.166748
0.000978 -1 -0.000001
0 0 0 0
0.134705 0.930786
-3.029541 2.638916 3.971924
0.000978 -1 0.000001
0 0 0 0
0.494446 0.930725
-3.962158 2.638916 3.971924
0.000978 -1 -0.000001
0 0 0 0
0.494446 0.514038
-3.962158 2.638916 3.166748
0.000978 -1 -0.000001
0 0 0 0
0.134705 0.514038
-3.962158 2.638916 2.361572
0.000978 -1 -0.000001
0 0 0 0
0.004089 0.514038
-3.029541 2.638916 2.361572
0.000978 -1 0.000001
0 0 0 0
0.004089 0.930725
-3.029541 2.638916 3.166748
0.000978 -1 -0.000001
0 0 0 0
0.36377 0.930725
-3.962158 2.638916 3.166748
0.000978 -1 -0.000001
0 0 0 0
0.36377 0.514038
-2.09668 2.638916 1.663818
0.000978 -1 0.000001
0 0 0 0
0.134705 0.517029
-2.09668 2.638916 2.361572
0.000978 -1 0.000001
0 0 0 0
0.44635 0.517029
-3.029541 2.638916 2.361572
0.000978 -1 0.000001
0 0 0 0
0.44635 0.933716
-3.029541 2.638916 1.663818
0.000978 -1 0.000001
0 0 0 0
0.134705 0.933716
-3.029541 2.638916 0.858643
0.000978 -1 0.000001
0 0 0 0
0.004089 0.933716
-2.09668 2.638916 0.858643
0.000978 -1 0.000001
0 0 0 0
0.004089 0.517029
-2.09668 2.638916 1.663818
0.000978 -1 0.000001
0 0 0 0
0.36377 0.517029
-3.029541 2.638916 1.663818
0.000978 -1 0.000001
0 0 0 0
0.36377 0.933716
-3.029541 2.638916 1.663818
0.000978 -1 0.000001
0 0 0 0
0.134705 0.930786
-3.029541 2.638916 2.361572
0.000978 -1 0.000001
0 0 0 0
0.44635 0.930725
-3.962158 2.638916 2.361572
0.000978 -1 -0.000001
0 0 0 0
0.44635 0.514038
-3.962158 2.638916 1.663818
0.000978 -1 -0.000001
0 0 0 0
0.134705 0.514038
-3.962158 2.638916 0.858643
0.000978 -1 -0.000001
0 0 0 0
0.004089 0.514038
-3.029541 2.638916 0.858643
0.000978 -1 0.000001
0 0 0 0
0.004089 0.930725
-3.029541 2.638916 1.663818
0.000978 -1 0.000001
0 0 0 0
0.36377 0.930725
-3.962158 2.638916 1.663818
0.000978 -1 -0.000001
0 0 0 0
0.36377 0.514038
-1.291504 2.638916 2.134033
0.000978 -1 -0.000001
0 0 0 0
0.134705 0.517029
-0.583984 2.638916 2.134033
0.000978 -1 -0.000001
0 0 0 0
0.450867 0.517029
-0.583984 2.638916 3.06665
0.000978 -1 -0.000001
0 0 0 0
0.450867 0.933716
-1.291504 2.638916 3.06665
0.000978 -1 -0.000001
0 0 0 0
0.134705 0.933716
-2.09668 2.638916 2.134033
0.000978 -1 -0.000001
0 0 0 0
0.004089 0.517029
-1.291504 2.638916 2.134033
0.000978 -1 -0.000001
0 0 0 0
0.36377 0.517029
-1.291504 2.638916 3.06665
0.000978 -1 -0.000001
0 0 0 0
0.36377 0.933716
-2.09668 2.638916 3.06665
0.000978 -1 -0.000001
0 0 0 0
0.004089 0.933716
-1.291504 2.638916 3.06665
0.000978 -1 -0.000001
0 0 0 0
0.134705 0.930786
-0.583984 2.638916 3.06665
0.000978 -1 -0.000001
0 0 0 0
0.450867 0.930725
-0.583984 2.638916 3.999512
0.000978 -1 -0.000001
0 0 0 0
0.450867 0.514038
-1.291504 2.638916 3.999512
0.000978 -1 -0.000001
0 0 0 0
0.134705 0.514038
-2.09668 2.638916 3.06665
0.000978 -1 -0.000001
0 0 0 0
0.004089 0.930725
-1.291504 2.638916 3.06665
0.000978 -1 -0.000001
0 0 0 0
0.36377 0.930725
-1.291504 2.638916 3.999512
0.000978 -1 -0.000001
0 0 0 0
0.36377 0.514038
-2.09668 2.638916 3.999512
0.000978 -1 -0.000001
0 0 0 0
0.004089 0.514038
0.221191 2.638916 2.134033
0.000978 -1 -0.000001
0 0 0 0
0.134705 0.517029
0.928955 2.638916 2.134033
0.000978 -1 -0.000001
0 0 0 0
0.450867 0.517029
0.928955 2.638916 3.06665
0.000978 -1 -0.000001
0 0 0 0
0.450867 0.933716
0.221191 2.638916 3.06665
0.000978 -1 -0.000001
0 0 0 0
0.134705 0.933716
-0.583984 2.638916 2.134033
0.000978 -1 -0.000001
0 0 0 0
0.004089 0.517029
0.221191 2.638916 2.134033
0.000978 -1 -0.000001
0 0 0 0
0.36377 0.517029
0.221191 2.638916 3.06665
0.000978 -1 -0.000001
0 0 0 0
0.36377 0.933716
-0.583984 2.638916 3.06665
0.000978 -1 -0.000001
0 0 0 0
0.004089 0.933716
0.221191 2.638916 3.06665
0.000978 -1 -0.000001
0 0 0 0
0.134705 0.930786
0.928955 2.638916 3.06665
0.000978 -1 -0.000001
0 0 0 0
0.450867 0.930725
0.928955 2.638916 3.999512
0.000978 -1 -0.000001
0 0 0 0
0.450867 0.514038
0.221191 2.638916 3.999512
0.000978 -1 -0.000001
0 0 0 0
0.134705 0.514038
-0.583984 2.638916 3.06665
0.000978 -1 -0.000001
0 0 0 0
0.004089 0.930725
0.221191 2.638916 3.06665
0.000978 -1 -0.000001
0 0 0 0
0.36377 0.930725
0.221191 2.638916 3.999512
0.000978 -1 -0.000001
0 0 0 0
0.36377 0.514038
-0.583984 2.638916 3.999512
0.000978 -1 -0.000001
0 0 0 0
0.004089 0.514038
1.734131 2.638916 2.134033
0.000978 -1 -0.000001
0 0 0 0
0.134705 0.517029
2.441895 2.638916 2.134033
0.000978 -1 -0.000001
0 0 0 0
0.450867 0.517029
2.441895 2.638916 3.06665
0.000978 -1 -0.000001
0 0 0 0
0.450867 0.933716
1.734131 2.638916 3.06665
0.000978 -1 -0.000001
0 0 0 0
0.134705 0.933716
0.928955 2.638916 2.134033
0.000978 -1 -0.000001
0 0 0 0
0.004089 0.517029
1.734131 2.638916 2.134033
0.000978 -1 -0.000001
0 0 0 0
0.36377 0.517029
1.734131 2.638916 3.06665
0.000978 -1 -0.000001
0 0 0 0
0.36377 0.933716
0.928955 2.638916 3.06665
0.000978 -1 -0.000001
0 0 0 0
0.004089 0.933716
1.734131 2.638916 3.06665
0.000978 -1 -0.000001
0 0 0 0
0.134705 0.930786
2.441895 2.638916 3.06665
0.000978 -1 -0.000001
0 0 0 0
0.450867 0.930725
2.441895 2.638916 3.999512
0.000978 -1 -0.000001
0 0 0 0
0.450867 0.514038
1.734131 2.638916 3.999512
0.000978 -1 -0.000001
0 0 0 0
0.134705 0.514038
0.928955 2.638916 3.06665
0.000978 -1 -0.000001
0 0 0 0
0.004089 0.930725
1.734131 2.638916 3.06665
0.000978 -1 -0.000001
0 0 0 0
0.36377 0.930725
1.734131 2.638916 3.999512
0.000978 -1 -0.000001
0 0 0 0
0.36377 0.514038
0.928955 2.638916 3.999512
0.000978 -1 -0.000001
0 0 0 0
0.004089 0.514038
3.246094 2.638916 2.134033
0.000978 -1 -0.000001
0 0 0 0
0.134705 0.517029
4.004883 2.638916 2.134033
0.000978 -1 -0.000001
0 0 0 0
0.473694 0.517029
4.004883 2.638916 3.06665
0.000978 -1 -0.000001
0 0 0 0
0.473694 0.933716
3.246094 2.638916 3.06665
0.000978 -1 -0.000001
0 0 0 0
0.134705 0.933716
2.440918 2.638916 2.134033
0.000978 -1 -0.000001
0 0 0 0
0.004089 0.517029
3.246094 2.638916 2.134033
0.000978 -1 -0.000001
0 0 0 0
0.36377 0.517029
3.246094 2.638916 3.06665
0.000978 -1 -0.000001
0 0 0 0
0.36377 0.933716
2.440918 2.638916 3.06665
0.000978 -1 -0.000001
0 0 0 0
0.004089 0.933716
3.246094 2.638916 3.06665
0.000978 -1 -0.000001
0 0 0 0
0.134705 0.930786
4.004883 2.638916 3.06665
0.000978 -1 -0.000001
0 0 0 0
0.473694 0.930725
4.004883 2.638916 3.999512
0.000978 -1 -0.000001
0 0 0 0
0.473694 0.514038
3.246094 2.638916 3.999512
0.000978 -1 -0.000001
0 0 0 0
0.134705 0.514038
2.440918 2.638916 3.06665
0.000978 -1 -0.000001
0 0 0 0
0.004089 0.930725
3.246094 2.638916 3.06665
0.000978 -1 -0.000001
0 0 0 0
0.36377 0.930725
3.246094 2.638916 3.999512
0.000978 -1 -0.000001
0 0 0 0
0.36377 0.514038
2.440918 2.638916 3.999512
0.000978 -1 -0.000001
0 0 0 0
0.004089 0.514038
72
2 1 0
3 2 0
6 5 4
7 6 4
10 9 8
11 10 8
14 13 12
15 14 12
18 17 16
19 18 16
22 21 20
23 22 20
26 25 24
27 26 24
30 29 28
31 30 28
34 33 32
35 34 32
38 37 36
39 38 36
42 41 40
43 42 40
46 45 44
47 46 44
50 49 48
51 50 48
54 53 52
55 54 52
58 57 56
59 58 56
62 61 60
63 62 60
66 65 64
67 66 64
70 69 68
71 70 68
74 73 72
75 74 72
78 77 76
79 78 76
82 81 80
83 82 80
86 85 84
87 86 84
90 89 88
91 90 88
94 93 92
95 94 92
98 97 96
99 98 96
102 101 100
103 102 100
106 105 104
107 106 104
110 109 108
111 110 108
114 113 112
115 114 112
118 117 116
119 118 116
122 121 120
123 122 120
126 125 124
127 126 124
130 129 128
131 130 128
134 133 132
135 134 132
138 137 136
139 138 136
142 141 140
143 142 140
sm02_environment\outsourcing\dhruva\manmade\os_hvackit\materials\os_hvackit_01_elements_01.material
1
0
144
-2.09668 2.668945 -3.180908
0.000978 1 0.000001
0 0 0 0
0.36377 0.517029
-2.09668 2.668945 -3.986084
0.000978 1 0.000001
0 0 0 0
0.004089 0.517029
-3.029541 2.668945 -3.986084
0.000978 1 0.000001
0 0 0 0
0.004089 0.933716
-3.029541 2.668945 -3.180908
0.000978 1 0.000001
0 0 0 0
0.36377 0.933716
-2.09668 2.668945 -3.180908
0.000978 1 0.000001
0 0 0 0
0.134705 0.517029
-3.029541 2.668945 -3.180908
0.000978 1 0.000001
0 0 0 0
0.134705 0.933716
-3.029541 2.668945 -2.146973
0.000978 1 -0.000001
0 0 0 0
0.596558 0.933716
-2.09668 2.668945 -2.146973
0.000978 1 -0.000001
0 0 0 0
0.596558 0.517029
-3.029541 2.668945 -3.180908
0.000978 1 0.000001
0 0 0 0
0.36377 0.930725
-3.029541 2.668945 -3.986084
0.000978 1 0.000001
0 0 0 0
0.004089 0.930725
-3.962158 2.668945 -3.986084
0.000978 1 -0.000001
0 0 0 0
0.004089 0.514038
-3.962158 2.668945 -3.180908
0.000978 1 -0.000001
0 0 0 0
0.36377 0.514038
-3.029541 2.668945 -3.180908
0.000978 1 0.000001
0 0 0 0
0.134705 0.930786
-3.962158 2.668945 -3.180908
0.000978 1 -0.000001
0 0 0 0
0.134705 0.514038
-3.962158 2.668945 -2.146973
0.000978 1 0.000001
0 0 0 0
0.596558 0.514038
-3.029541 2.668945 -2.146973
0.000978 1 -0.000001
0 0 0 0
0.596558 0.930725
-2.09668 2.668945 -1.341797
0.000978 1 -0.000001
0 0 0 0
0.36377 0.517029
-2.09668 2.668945 -2.146973
0.000978 1 -0.000001
0 0 0 0
0.004089 0.517029
-3.029541 2.668945 -2.146973
0.000978 1 -0.000001
0 0 0 0
0.004089 0.933716
-3.029541 2.668945 -1.341797
0.000978 1 -0.000001
0 0 0 0
0.36377 0.933716
-2.09668 2.668945 -1.341797
0.000978 1 -0.000001
0 0 0 0
0.134705 0.517029
-3.029541 2.668945 -1.341797
0.000978 1 -0.000001
0 0 0 0
0.134705 0.933716
-3.029541 2.668945 -0.644043
0.000978 1 -0.000001
0 0 0 0
0.44635 0.933716
-2.09668 2.668945 -0.644043
0.000978 1 -0.000001
0 0 0 0
0.44635 0.517029
-3.029541 2.668945 -1.341797
0.000978 1 -0.000001
0 0 0 0
0.36377 0.930725
-3.029541 2.668945 -2.146973
0.000978 1 -0.000001
0 0 0 0
0.004089 0.930725
-3.962158 2.668945 -2.146973
0.000978 1 0.000001
0 0 0 0
0.004089 0.514038
-3.962158 2.668945 -1.341797
0.000978 1 -0.000001
0 0 0 0
0.36377 0.514038
-3.029541 2.668945 -1.341797
0.000978 1 -0.000001
0 0 0 0
0.134705 0.930786
-3.962158 2.668945 -1.341797
0.000978 1 -0.000001
0 0 0 0
0.134705 0.514038
-3.962158 2.668945 -0.644043
0.000978 1 -0.000001
0 0 0 0
0.44635 0.514038
-3.029541 2.668945 -0.644043
0.000978 1 -0.000001
0 0 0 0
0.44635 0.930725
-2.09668 2.668945 0.161133
0.000978 1 -0.000001
0 0 0 0
0.36377 0.517029
-2.09668 2.668945 -0.644043
0.000978 1 -0.000001
0 0 0 0
0.004089 0.517029
-3.029541 2.668945 -0.644043
0.000978 1 -0.000001
0 0 0 0
0.004089 0.933716
-3.029541 2.668945 0.161133
0.000978 1 -0.000001
0 0 0 0
0.36377 0.933716
-2.09668 2.668945 0.161133
0.000978 1 -0.000001
0 0 0 0
0.134705 0.517029
-3.029541 2.668945 0.161133
0.000978 1 -0.000001
0 0 0 0
0.134705 0.933716
-3.029541 2.668945 0.858643
0.000978 1 -0.000001
0 0 0 0
0.44635 0.933716
-2.09668 2.668945 0.858643
0.000978 1 -0.000001
0 0 0 0
0.44635 0.517029
-3.029541 2.668945 0.161133
0.000978 1 -0.000001
0 0 0 0
0.36377 0.930725
-3.029541 2.668945 -0.644043
0.000978 1 -0.000001
0 0 0 0
0.004089 0.930725
-3.962158 2.668945 -0.644043
0.000978 1 -0.000001
0 0 0 0
0.004089 0.514038
-3.962158 2.668945 0.161133
0.000978 1 -0.000001
0 0 0 0
0.36377 0.514038
-3.029541 2.668945 0.161133
0.000978 1 -0.000001
0 0 0 0
0.134705 0.930786
-3.962158 2.668945 0.161133
0.000978 1 -0.000001
0 0 0 0
0.134705 0.514038
-3.962158 2.668945 0.858643
0.000978 1 -0.000001
0 0 0 0
0.44635 0.514038
-3.029541 2.668945 0.858643
0.000978 1 -0.000001
0 0 0 0
0.44635 0.930725
-2.09668 2.668945 3.166748
0.000978 1 0.000001
0 0 0 0
0.134705 0.517029
-3.029541 2.668945 3.971924
0.000978 1 -0.000001
0 0 0 0
0.494446 0.933716
-2.09668 2.668945 3.971924
0.000978 1 0.000001
0 0 0 0
0.494446 0.517029
-3.029541 2.668945 3.166748
0.000978 1 -0.000001
0 0 0 0
0.134705 0.933716
-2.09668 2.668945 3.166748
0.000978 1 0.000001
0 0 0 0
0.36377 0.517029
-2.09668 2.668945 2.361572
0.000978 1 -0.000001
0 0 0 0
0.004089 0.517029
-3.029541 2.668945 2.361572
0.000978 1 -0.000001
0 0 0 0
0.004089 0.933716
-3.029541 2.668945 3.166748
0.000978 1 -0.000001
0 0 0 0
0.36377 0.933716
-3.029541 2.668945 3.166748
0.000978 1 -0.000001
0 0 0 0
0.134705 0.930786
-3.962158 2.668945 3.166748
0.000978 1 0.000001
0 0 0 0
0.134705 0.514038
-3.962158 2.668945 3.971924
0.000978 1 -0.000001
0 0 0 0
0.494446 0.514038
-3.029541 2.668945 3.971924
0.000978 1 -0.000001
0 0 0 0
0.494446 0.930725
-3.029541 2.668945 3.166748
0.000978 1 -0.000001
0 0 0 0
0.36377 0.930725
-3.029541 2.668945 2.361572
0.000978 1 -0.000001
0 0 0 0
0.004089 0.930725
-3.962158 2.668945 2.361572
0.000978 1 -0.000001
0 0 0 0
0.004089 0.514038
-3.962158 2.668945 3.166748
0.000978 1 0.000001
0 0 0 0
0.36377 0.514038
-2.09668 2.668945 1.663818
0.000978 1 -0.000001
0 0 0 0
0.134705 0.517029
-3.029541 2.668945 2.361572
0.000978 1 -0.000001
0 0 0 0
0.44635 0.933716
-2.09668 2.668945 2.361572
0.000978 1 -0.000001
0 0 0 0
0.44635 0.517029
-3.029541 2.668945 1.663818
0.000978 1 -0.000001
0 0 0 0
0.134705 0.933716
-2.09668 2.668945 1.663818
0.000978 1 -0.000001
0 0 0 0
0.36377 0.517029
-2.09668 2.668945 0.858643
0.000978 1 -0.000001
0 0 0 0
0.004089 0.517029
-3.029541 2.668945 0.858643
0.000978 1 -0.000001
0 0 0 0
0.004089 0.933716
-3.029541 2.668945 1.663818
0.000978 1 -0.000001
0 0 0 0
0.36377 0.933716
-3.029541 2.668945 1.663818
0.000978 1 -0.000001
0 0 0 0
0.134705 0.930786
-3.962158 2.668945 1.663818
0.000978 1 -0.000001
0 0 0 0
0.134705 0.514038
-3.962158 2.668945 2.361572
0.000978 1 -0.000001
0 0 0 0
0.44635 0.514038
-3.029541 2.668945 2.361572
0.000978 1 -0.000001
0 0 0 0
0.44635 0.930725
-3.029541 2.668945 1.663818
0.000978 1 -0.000001
0 0 0 0
0.36377 0.930725
-3.029541 2.668945 0.858643
0.000978 1 -0.000001
0 0 0 0
0.004089 0.930725
-3.962158 2.668945 0.858643
0.000978 1 -0.000001
0 0 0 0
0.004089 0.514038
-3.962158 2.668945 1.663818
0.000978 1 -0.000001
0 0 0 0
0.36377 0.514038
-2.09668 2.668945 2.134033
0.000978 1 -0.000001
0 0 0 0
0.004089 0.517029
-2.09668 2.668945 3.06665
0.000978 1 -0.000001
0 0 0 0
0.004089 0.933716
-1.291504 2.668945 3.06665
0.000978 1 -0.000001
0 0 0 0
0.36377 0.933716
-1.291504 2.668945 2.134033
0.000978 1 -0.000001
0 0 0 0
0.36377 0.517029
-1.291504 2.668945 2.134033
0.000978 1 -0.000001
0 0 0 0
0.134705 0.517029
-1.291504 2.668945 3.06665
0.000978 1 -0.000001
0 0 0 0
0.134705 0.933716
-0.583984 2.668945 3.06665
0.000978 1 -0.000001
0 0 0 0
0.450867 0.933716
-0.583984 2.668945 2.134033
0.000978 1 -0.000001
0 0 0 0
0.450867 0.517029
-2.09668 2.668945 3.06665
0.000978 1 -0.000001
0 0 0 0
0.004089 0.930725
-2.09668 2.668945 3.999512
0.000978 1 -0.000001
0 0 0 0
0.004089 0.514038
-1.291504 2.668945 3.999512
0.000978 1 -0.000001
0 0 0 0
0.36377 0.514038
-1.291504 2.668945 3.06665
0.000978 1 -0.000001
0 0 0 0
0.36377 0.930725
-1.291504 2.668945 3.06665
0.000978 1 -0.000001
0 0 0 0
0.134705 0.930786
-1.291504 2.668945 3.999512
0.000978 1 -0.000001
0 0 0 0
0.134705 0.514038
-0.583984 2.668945 3.999512
0.000978 1 -0.000001
0 0 0 0
0.450867 0.514038
-0.583984 2.668945 3.06665
0.000978 1 -0.000001
0 0 0 0
0.450867 0.930725
-0.583984 2.668945 2.134033
0.000978 1 -0.000001
0 0 0 0
0.004089 0.517029
-0.583984 2.668945 3.06665
0.000978 1 -0.000001
0 0 0 0
0.004089 0.933716
0.221191 2.668945 3.06665
0.000978 1 -0.000001
0 0 0 0
0.36377 0.933716
0.221191 2.668945 2.134033
0.000978 1 -0.000001
0 0 0 0
0.36377 0.517029
0.221191 2.668945 2.134033
0.000978 1 -0.000001
0 0 0 0
0.134705 0.517029
0.221191 2.668945 3.06665
0.000978 1 -0.000001
0 0 0 0
0.134705 0.933716
0.928955 2.668945 3.06665
0.000978 1 -0.000001
0 0 0 0
0.450867 0.933716
0.928955 2.668945 2.134033
0.000978 1 -0.000001
0 0 0 0
0.450867 0.517029
-0.583984 2.668945 3.06665
0.000978 1 -0.000001
0 0 0 0
0.004089 0.930725
-0.583984 2.668945 3.999512
0.000978 1 -0.000001
0 0 0 0
0.004089 0.514038
0.221191 2.668945 3.999512
0.000978 1 -0.000001
0 0 0 0
0.36377 0.514038
0.221191 2.668945 3.06665
0.000978 1 -0.000001
0 0 0 0
0.36377 0.930725
0.221191 2.668945 3.06665
0.000978 1 -0.000001
0 0 0 0
0.134705 0.930786
0.221191 2.668945 3.999512
0.000978 1 -0.000001
0 0 0 0
0.134705 0.514038
0.928955 2.668945 3.999512
0.000978 1 -0.000001
0 0 0 0
0.450867 0.514038
0.928955 2.668945 3.06665
0.000978 1 -0.000001
0 0 0 0
0.450867 0.930725
1.734131 2.668945 2.134033
0.000978 1 -0.000001
0 0 0 0
0.134705 0.517029
2.441895 2.668945 3.06665
0.000978 1 -0.000001
0 0 0 0
0.450867 0.933716
2.441895 2.668945 2.134033
0.000978 1 -0.000001
0 0 0 0
0.450867 0.517029
1.734131 2.668945 3.06665
0.000978 1 -0.000001
0 0 0 0
0.134705 0.933716
0.928955 2.668945 2.134033
0.000978 1 -0.000001
0 0 0 0
0.004089 0.517029
0.928955 2.668945 3.06665
0.000978 1 -0.000001
0 0 0 0
0.004089 0.933716
1.734131 2.668945 3.06665
0.000978 1 -0.000001
0 0 0 0
0.36377 0.933716
1.734131 2.668945 2.134033
0.000978 1 -0.000001
0 0 0 0
0.36377 0.517029
1.734131 2.668945 3.06665
0.000978 1 -0.000001
0 0 0 0
0.134705 0.930786
1.734131 2.668945 3.999512
0.000978 1 -0.000001
0 0 0 0
0.134705 0.514038
2.441895 2.668945 3.999512
0.000978 1 -0.000001
0 0 0 0
0.450867 0.514038
2.441895 2.668945 3.06665
0.000978 1 -0.000001
0 0 0 0
0.450867 0.930725
0.928955 2.668945 3.06665
0.000978 1 -0.000001
0 0 0 0
0.004089 0.930725
0.928955 2.668945 3.999512
0.000978 1 -0.000001
0 0 0 0
0.004089 0.514038
1.734131 2.668945 3.999512
0.000978 1 -0.000001
0 0 0 0
0.36377 0.514038
1.734131 2.668945 3.06665
0.000978 1 -0.000001
0 0 0 0
0.36377 0.930725
3.246094 2.668945 2.134033
0.000978 1 -0.000001
0 0 0 0
0.134705 0.517029
4.004883 2.668945 3.06665
0.000978 1 -0.000001
0 0 0 0
0.473694 0.933716
4.004883 2.668945 2.134033
0.000978 1 -0.000001
0 0 0 0
0.473694 0.517029
3.246094 2.668945 3.06665
0.000978 1 -0.000001
0 0 0 0
0.134705 0.933716
2.440918 2.668945 2.134033
0.000978 1 -0.000001
0 0 0 0
0.004089 0.517029
2.440918 2.668945 3.06665
0.000978 1 -0.000001
0 0 0 0
0.004089 0.933716
3.246094 2.668945 3.06665
0.000978 1 -0.000001
0 0 0 0
0.36377 0.933716
3.246094 2.668945 2.134033
0.000978 1 -0.000001
0 0 0 0
0.36377 0.517029
3.246094 2.668945 3.06665
0.000978 1 -0.000001
0 0 0 0
0.134705 0.930786
3.246094 2.668945 3.999512
0.000978 1 -0.000001
0 0 0 0
0.134705 0.514038
4.004883 2.668945 3.999512
0.000978 1 -0.000001
0 0 0 0
0.473694 0.514038
4.004883 2.668945 3.06665
0.000978 1 -0.000001
0 0 0 0
0.473694 0.930725
2.440918 2.668945 3.06665
0.000978 1 -0.000001
0 0 0 0
0.004089 0.930725
2.440918 2.668945 3.999512
0.000978 1 -0.000001
0 0 0 0
0.004089 0.514038
3.246094 2.668945 3.999512
0.000978 1 -0.000001
0 0 0 0
0.36377 0.514038
3.246094 2.668945 3.06665
0.000978 1 -0.000001
0 0 0 0
0.36377 0.930725
72
2 1 0
3 2 0
6 5 4
7 6 4
10 9 8
11 10 8
14 13 12
15 14 12
18 17 16
19 18 16
22 21 20
23 22 20
26 25 24
27 26 24
30 29 28
31 30 28
34 33 32
35 34 32
38 37 36
39 38 36
42 41 40
43 42 40
46 45 44
47 46 44
50 49 48
49 51 48
54 53 52
55 54 52
58 57 56
59 58 56
62 61 60
63 62 60
66 65 64
65 67 64
70 69 68
71 70 68
74 73 72
75 74 72
78 77 76
79 78 76
82 81 80
83 82 80
86 85 84
87 86 84
90 89 88
91 90 88
94 93 92
95 94 92
98 97 96
99 98 96
102 101 100
103 102 100
106 105 104
107 106 104
110 109 108
111 110 108
114 113 112
113 115 112
118 117 116
119 118 116
122 121 120
123 122 120
126 125 124
127 126 124
130 129 128
129 131 128
134 133 132
135 134 132
138 137 136
139 138 136
142 141 140
143 142 140
sm03_environment\outsourcing\dhruva\manmade\os_hvackit_01\os_hvackit_01_a\os_hvackit_01_hvac.material
1
0
28
4.004883 3.240723 2.069092
-0.000977 1 -0.000001
0 0 0 0
1.996155 1.034058
-2.234863 3.240723 2.069092
0.000978 1 -0.000001
0 0 0 0
-0.994812 1.034058
-2.234863 3.240723 2.254639
0.000978 1 -0.000001
0 0 0 0
-0.994812 1.08905
4.004883 3.240723 2.254639
0.000978 1 -0.000001
0 0 0 0
1.996155 1.08905
-2.07959 3.240723 -3.985352
0.000978 1 -0.000001
0 0 0 0
1.996155 0.088989
-2.234863 3.240723 -3.985352
0.000978 1 -0.000001
0 0 0 0
1.996155 0.033997
-2.234863 3.240723 2.069092
0.000978 1 -0.000001
0 0 0 0
-0.994873 0.033997
-2.07959 3.240723 2.069092
0.000978 1 -0.000001
0 0 0 0
-0.994873 0.088989
-2.07959 3.240723 -3.985352
0.000978 1 -0.000001
0 0 0 0
1.999756 -0.52832
-2.07959 3.240723 2.069092
0.000978 1 -0.000001
0 0 0 0
-0.995483 -0.52832
-0.770752 3.240723 2.069092
-0.000977 1 -0.000001
0 0 0 0
-0.995483 -0.097839
-0.770752 3.240723 -3.985352
-0.000977 1 -0.000001
0 0 0 0
1.999756 -0.097839
-0.770752 3.240723 2.069092
-0.000977 1 -0.000001
0 0 0 0
-0.995483 0.47168
0.410156 3.240723 2.069092
-0.000977 1 -0.000001
0 0 0 0
-0.995483 0.902161
0.410156 3.240723 -3.985352
-0.000977 1 -0.000001
0 0 0 0
1.999756 0.902161
-0.770752 3.240723 -3.985352
-0.000977 1 -0.000001
0 0 0 0
1.999756 0.47168
2.772217 3.240723 2.069092
0.000978 1 -0.000001
0 0 0 0
-0.995483 -0.52832
4.004883 3.240723 2.069092
-0.000977 1 -0.000001
0 0 0 0
-0.995483 -0.097839
4.004883 3.240723 -3.985352
-0.000977 1 -0.000001
0 0 0 0
1.999756 -0.097839
2.772217 3.240723 -3.985352
0.000978 1 -0.000001
0 0 0 0
1.999756 -0.52832
1.591309 3.240723 -3.985352
0.000978 1 -0.000001
0 0 0 0
1.999756 -0.52832
1.591309 3.240723 2.069092
0.000978 1 -0.000001
0 0 0 0
-0.995483 -0.52832
2.772217 3.240723 2.069092
0.000978 1 -0.000001
0 0 0 0
-0.995483 -0.097839
2.772217 3.240723 -3.985352
0.000978 1 -0.000001
0 0 0 0
1.999756 -0.097839
0.410156 3.240723 2.069092
-0.000977 1 -0.000001
0 0 0 0
1.999756 -0.097839
1.591309 3.240723 2.069092
0.000978 1 -0.000001
0 0 0 0
1.999756 -0.52832
1.591309 3.240723 -3.985352
0.000978 1 -0.000001
0 0 0 0
-0.995483 -0.52832
0.410156 3.240723 -3.985352
-0.000977 1 -0.000001
0 0 0 0
-0.995483 -0.097839
14
2 1 0
3 2 0
6 5 4
7 6 4
10 9 8
11 10 8
14 13 12
15 14 12
18 17 16
19 18 16
22 21 20
23 22 20
26 25 24
27 26 24
sm04_environment\outsourcing\dhruva\manmade\os_hvackit\Materials\os_hvackit_01_metal.material
1
0
332
4.004883 0.038818 2.085938
-0.001382 0.001382 0.999998
0 0 0 0
0.003357 1.030273
4.004883 3.116211 2.085938
-0.001382 0.001382 0.999998
0 0 0 0
0.999207 1.030273
3.829834 3.116211 2.085938
-0.001382 0.001382 0.999998
0 0 0 0
0.999207 1.000977
3.829834 0.038818 2.085938
-0.001382 0.001382 0.999998
0 0 0 0
0.003357 1.000977
3.706299 0.038818 2.085938
0.001382 0.001382 0.999998
0 0 0 0
0.999207 1.000977
3.706299 3.116211 2.085938
0.001382 0.001382 0.999998
0 0 0 0
0.003357 1.000977
3.583008 3.116211 2.085938
0.001382 0.001382 0.999998
0 0 0 0
0.003357 1.030273
3.583008 0.038818 2.085938
0.001382 0.001382 0.999998
0 0 0 0
0.999207 1.030273
3.706299 3.116211 2.085938
-0.656438 -0.001295 0.754379
0 0 0 0
0.998962 1.000977
3.706299 0.038818 2.085938
-0.656438 -0.001295 0.754379
0 0 0 0
0.002991 1.000977
3.768066 0.038818 2.139648
-0.656438 -0.001295 0.754379
0 0 0 0
0.002991 1.030273
3.768066 3.116211 2.139648
-0.656438 -0.001295 0.754379
0 0 0 0
0.998962 1.030273
3.829834 0.038818 2.085938
0.656438 -0.001295 0.754378
0 0 0 0
0.002991 1.030273
3.829834 3.116211 2.085938
0.656438 -0.001295 0.754378
0 0 0 0
0.998962 1.030273
3.768066 3.116211 2.139648
0.656438 -0.001295 0.754378
0 0 0 0
0.998962 1.000977
3.768066 0.038818 2.139648
0.656438 -0.001295 0.754378
0 0 0 0
0.002991 1.000977
3.459473 0.038818 2.085938
0.001382 0.001382 0.999998
0 0 0 0
0.999207 1.000977
3.459473 3.116211 2.085938
0.001382 0.001382 0.999998
0 0 0 0
0.003357 1.000977
3.335938 3.116211 2.085938
0.001382 0.001382 0.999998
0 0 0 0
0.003357 1.030273
3.335938 0.038818 2.085938
0.001382 0.001382 0.999998
0 0 0 0
0.999207 1.030273
3.52124 3.116211 2.139648
-0.656438 0.001295 0.754379
0 0 0 0
0.998962 1.030273
3.459473 3.116211 2.085938
-0.656438 0.001295 0.754379
0 0 0 0
0.998962 1.000977
3.459473 0.038818 2.085938
-0.656438 0.001295 0.754379
0 0 0 0
0.002991 1.000977
3.52124 0.038818 2.139648
-0.656438 0.001295 0.754379
0 0 0 0
0.002991 1.030273
3.52124 0.038818 2.139648
0.656438 0.001295 0.754378
0 0 0 0
0.002991 1.000977
3.583008 0.038818 2.085938
0.656438 0.001295 0.754378
0 0 0 0
0.002991 1.030273
3.583008 3.116211 2.085938
0.656438 0.001295 0.754378
0 0 0 0
0.998962 1.030273
3.52124 3.116211 2.139648
0.656438 0.001295 0.754378
0 0 0 0
0.998962 1.000977
3.212646 0.038818 2.085938
0.001382 0.001382 0.999998
0 0 0 0
0.003357 1.030273
3.212646 3.116211 2.085938
0.001382 0.001382 0.999998
0 0 0 0
0.999207 1.030273
3.089111 3.116211 2.085938
0.001382 0.001382 0.999998
0 0 0 0
0.999207 1.000977
3.089111 0.038818 2.085938
0.001382 0.001382 0.999998
0 0 0 0
0.003357 1.000977
3.212646 3.116211 2.085938
-0.656438 -0.001295 0.754379
0 0 0 0
0.998962 1.000977
3.212646 0.038818 2.085938
-0.656438 -0.001295 0.754379
0 0 0 0
0.002991 1.000977
3.27417 0.038818 2.139648
-0.656438 -0.001295 0.754379
0 0 0 0
0.002991 1.030273
3.27417 3.116211 2.139648
-0.656438 -0.001295 0.754379
0 0 0 0
0.998962 1.030273
3.335938 0.038818 2.085938
0.656438 -0.001295 0.754378
0 0 0 0
0.002991 1.030273
3.335938 3.116211 2.085938
0.656438 -0.001295 0.754378
0 0 0 0
0.998962 1.030273
3.27417 3.116211 2.139648
0.656438 -0.001295 0.754378
0 0 0 0
0.998962 1.000977
3.27417 0.038818 2.139648
0.656438 -0.001295 0.754378
0 0 0 0
0.002991 1.000977
2.965576 0.038818 2.085938
0.001382 0.001382 0.999998
0 0 0 0
0.003357 1.030273
2.965576 3.116211 2.085938
0.001382 0.001382 0.999998
0 0 0 0
0.999207 1.030273
2.842285 3.116211 2.085938
0.001382 0.001382 0.999998
0 0 0 0
0.999207 1.000977
2.842285 0.038818 2.085938
0.001382 0.001382 0.999998
0 0 0 0
0.003357 1.000977
2.965576 3.116211 2.085938
-0.656438 -0.001295 0.754379
0 0 0 0
0.998962 1.000977
2.965576 0.038818 2.085938
-0.656438 -0.001295 0.754379
0 0 0 0
0.002991 1.000977
3.027344 0.038818 2.139648
-0.656438 -0.001295 0.754379
0 0 0 0
0.002991 1.030273
3.027344 3.116211 2.139648
-0.656438 -0.001295 0.754379
0 0 0 0
0.998962 1.030273
3.089111 0.038818 2.085938
0.656438 -0.001295 0.754378
0 0 0 0
0.002991 1.030273
3.089111 3.116211 2.085938
0.656438 -0.001295 0.754378
0 0 0 0
0.998962 1.030273
3.027344 3.116211 2.139648
0.656438 -0.001295 0.754378
0 0 0 0
0.998962 1.000977
3.027344 0.038818 2.139648
0.656438 -0.001295 0.754378
0 0 0 0
0.002991 1.000977
2.595215 0.038818 2.085938
-0.001382 0.001382 0.999998
0 0 0 0
0.999207 1.030273
2.71875 0.038818 2.085938
-0.001382 0.001382 0.999998
0 0 0 0
0.999207 1.000977
2.71875 3.116211 2.085938
-0.001382 0.001382 0.999998
0 0 0 0
0.003357 1.000977
2.595215 3.116211 2.085938
-0.001382 0.001382 0.999998
0 0 0 0
0.003357 1.030273
2.71875 3.116211 2.085938
-0.656438 -0.001295 0.754379
0 0 0 0
0.998962 1.000977
2.71875 0.038818 2.085938
-0.656438 -0.001295 0.754379
0 0 0 0
0.002991 1.000977
2.780518 0.038818 2.139648
-0.656438 -0.001295 0.754379
0 0 0 0
0.002991 1.030273
2.780518 3.116211 2.139648
-0.656438 -0.001295 0.754379
0 0 0 0
0.998962 1.030273
2.842285 0.038818 2.085938
0.656438 -0.001295 0.754378
0 0 0 0
0.002991 1.030273
2.842285 3.116211 2.085938
0.656438 -0.001295 0.754378
0 0 0 0
0.998962 1.030273
2.780518 3.116211 2.139648
0.656438 -0.001295 0.754378
0 0 0 0
0.998962 1.000977
2.780518 0.038818 2.139648
0.656438 -0.001295 0.754378
0 0 0 0
0.002991 1.000977
2.47168 0.038818 2.085938
0.001382 0.001382 0.999998
0 0 0 0
0.003357 1.030273
2.47168 3.116211 2.085938
0.001382 0.001382 0.999998
0 0 0 0
0.999207 1.030273
2.348389 3.116211 2.085938
0.001382 0.001382 0.999998
0 0 0 0
0.999207 1.000977
2.348389 0.038818 2.085938
0.001382 0.001382 0.999998
0 0 0 0
0.003357 1.000977
2.47168 3.116211 2.085938
-0.656438 -0.001295 0.754379
0 0 0 0
0.998962 1.000977
2.47168 0.038818 2.085938
-0.656438 -0.001295 0.754379
0 0 0 0
0.002991 1.000977
2.533447 0.038818 2.139648
-0.656438 -0.001295 0.754379
0 0 0 0
0.002991 1.030273
2.533447 3.116211 2.139648
-0.656438 -0.001295 0.754379
0 0 0 0
0.998962 1.030273
2.533447 0.038818 2.139648
0.656438 -0.001295 0.754378
0 0 0 0
0.002991 1.000977
2.595215 0.038818 2.085938
0.656438 -0.001295 0.754378
0 0 0 0
0.002991 1.030273
2.595215 3.116211 2.085938
0.656438 -0.001295 0.754378
0 0 0 0
0.998962 1.030273
2.533447 3.116211 2.139648
0.656438 -0.001295 0.754378
0 0 0 0
0.998962 1.000977
2.101318 0.038818 2.085938
0.001382 0.001382 0.999998
0 0 0 0
0.999207 1.030273
2.224854 0.038818 2.085938
0.001382 0.001382 0.999998
0 0 0 0
0.999207 1.000977
2.224854 3.116211 2.085938
0.001382 0.001382 0.999998
0 0 0 0
0.003357 1.000977
2.101318 3.116211 2.085938
0.001382 0.001382 0.999998
0 0 0 0
0.003357 1.030273
2.224854 3.116211 2.085938
-0.656438 0.001295 0.754379
0 0 0 0
0.998962 1.000977
2.224854 0.038818 2.085938
-0.656438 0.001295 0.754379
0 0 0 0
0.002991 1.000977
2.286621 0.038818 2.139648
-0.656438 0.001295 0.754379
0 0 0 0
0.002991 1.030273
2.286621 3.116211 2.139648
-0.656438 0.001295 0.754379
0 0 0 0
0.998962 1.030273
2.348389 0.038818 2.085938
0.656438 -0.001295 0.754378
0 0 0 0
0.002991 1.030273
2.348389 3.116211 2.085938
0.656438 -0.001295 0.754378
0 0 0 0
0.998962 1.030273
2.286621 3.116211 2.139648
0.656438 -0.001295 0.754378
0 0 0 0
0.998962 1.000977
2.286621 0.038818 2.139648
0.656438 -0.001295 0.754378
0 0 0 0
0.002991 1.000977
1.978027 0.038818 2.085938
0.001382 0.001382 0.999998
0 0 0 0
0.999207 1.000977
1.978027 3.116211 2.085938
0.001382 0.001382 0.999998
0 0 0 0
0.003357 1.000977
1.854492 3.116211 2.085938
0.001382 0.001382 0.999998
0 0 0 0
0.003357 1.030273
1.854492 0.038818 2.085938
0.001382 0.001382 0.999998
0 0 0 0
0.999207 1.030273
1.978027 3.116211 2.085938
-0.656438 0.001295 0.754379
0 0 0 0
0.998962 1.000977
1.978027 0.038818 2.085938
-0.656438 0.001295 0.754379
0 0 0 0
0.002991 1.000977
2.039551 0.038818 2.139648
-0.656438 0.001295 0.754379
0 0 0 0
0.002991 1.030273
2.039551 3.116211 2.139648
-0.656438 0.001295 0.754379
0 0 0 0
0.998962 1.030273
2.101318 0.038818 2.085938
0.656438 0.001295 0.754378
0 0 0 0
0.002991 1.030273
2.101318 3.116211 2.085938
0.656438 0.001295 0.754378
0 0 0 0
0.998962 1.030273
2.039551 3.116211 2.139648
0.656438 0.001295 0.754378
0 0 0 0
0.998962 1.000977
2.039551 0.038818 2.139648
0.656438 0.001295 0.754378
0 0 0 0
0.002991 1.000977
1.607666 0.038818 2.085938
-0.001382 0.001382 0.999998
0 0 0 0
0.003357 1.000977
1.730957 0.038818 2.085938
-0.001382 0.001382 0.999998
0 0 0 0
0.003357 1.030273
1.730957 3.116211 2.085938
-0.001382 0.001382 0.999998
0 0 0 0
0.999207 1.030273
1.607666 3.116211 2.085938
-0.001382 0.001382 0.999998
0 0 0 0
0.999207 1.000977
1.730957 3.116211 2.085938
-0.656438 0.001295 0.754379
0 0 0 0
0.998962 1.000977
1.730957 0.038818 2.085938
-0.656438 0.001295 0.754379
0 0 0 0
0.002991 1.000977
1.792725 0.038818 2.139648
-0.656438 0.001295 0.754379
0 0 0 0
0.002991 1.030273
1.792725 3.116211 2.139648
-0.656438 0.001295 0.754379
0 0 0 0
0.998962 1.030273
1.854492 0.038818 2.085938
0.656438 0.001295 0.754378
0 0 0 0
0.002991 1.030273
1.854492 3.116211 2.085938
0.656438 0.001295 0.754378
0 0 0 0
0.998962 1.030273
1.792725 3.116211 2.139648
0.656438 0.001295 0.754378
0 0 0 0
0.998962 1.000977
1.792725 0.038818 2.139648
0.656438 0.001295 0.754378
0 0 0 0
0.002991 1.000977
1.484131 0.038818 2.085938
0.001382 0.001382 0.999998
0 0 0 0
0.999207 1.000977
1.484131 3.116211 2.085938
0.001382 0.001382 0.999998
0 0 0 0
0.003357 1.000977
1.360596 3.116211 2.085938
0.001382 0.001382 0.999998
0 0 0 0
0.003357 1.030273
1.360596 0.038818 2.085938
0.001382 0.001382 0.999998
0 0 0 0
0.999207 1.030273
1.484131 3.116211 2.085938
-0.656438 -0.001295 0.754379
0 0 0 0
0.998962 1.000977
1.484131 0.038818 2.085938
-0.656438 -0.001295 0.754379
0 0 0 0
0.002991 1.000977
1.545898 0.038818 2.139648
-0.656438 -0.001295 0.754379
0 0 0 0
0.002991 1.030273
1.545898 3.116211 2.139648
-0.656438 -0.001295 0.754379
0 0 0 0
0.998962 1.030273
1.607666 0.038818 2.085938
0.656438 -0.001295 0.754378
0 0 0 0
0.002991 1.030273
1.607666 3.116211 2.085938
0.656438 -0.001295 0.754378
0 0 0 0
0.998962 1.030273
1.545898 3.116211 2.139648
0.656438 -0.001295 0.754378
0 0 0 0
0.998962 1.000977
1.545898 0.038818 2.139648
0.656438 -0.001295 0.754378
0 0 0 0
0.002991 1.000977
1.11377 0.038818 2.085938
-0.001382 0.001382 0.999998
0 0 0 0
0.003357 1.000977
1.237061 0.038818 2.085938
-0.001382 0.001382 0.999998
0 0 0 0
0.003357 1.030273
1.237061 3.116211 2.085938
-0.001382 0.001382 0.999998
0 0 0 0
0.999207 1.030273
1.11377 3.116211 2.085938
-0.001382 0.001382 0.999998
0 0 0 0
0.999207 1.000977
1.237061 3.116211 2.085938
-0.656438 0.001295 0.754379
0 0 0 0
0.998962 1.000977
1.237061 0.038818 2.085938
-0.656438 0.001295 0.754379
0 0 0 0
0.002991 1.000977
1.298828 0.038818 2.139648
-0.656438 0.001295 0.754379
0 0 0 0
0.002991 1.030273
1.298828 3.116211 2.139648
-0.656438 0.001295 0.754379
0 0 0 0
0.998962 1.030273
1.360596 0.038818 2.085938
0.656438 0.001295 0.754378
0 0 0 0
0.002991 1.030273
1.360596 3.116211 2.085938
0.656438 0.001295 0.754378
0 0 0 0
0.998962 1.030273
1.298828 3.116211 2.139648
0.656438 0.001295 0.754378
0 0 0 0
0.998962 1.000977
1.298828 0.038818 2.139648
0.656438 0.001295 0.754378
0 0 0 0
0.002991 1.000977
0.990234 0.038818 2.085938
0.001382 0.001382 0.999998
0 0 0 0
0.999207 1.000977
0.990234 3.116211 2.085938
0.001382 0.001382 0.999998
0 0 0 0
0.003357 1.000977
0.866699 3.116211 2.085938
0.001382 0.001382 0.999998
0 0 0 0
0.003357 1.030273
0.866699 0.038818 2.085938
0.001382 0.001382 0.999998
0 0 0 0
0.999207 1.030273
0.990234 3.116211 2.085938
-0.656438 0.001295 0.754379
0 0 0 0
0.998962 1.000977
0.990234 0.038818 2.085938
-0.656438 0.001295 0.754379
0 0 0 0
0.002991 1.000977
1.052002 0.038818 2.139648
-0.656438 0.001295 0.754379
0 0 0 0
0.002991 1.030273
1.052002 3.116211 2.139648
-0.656438 0.001295 0.754379
0 0 0 0
0.998962 1.030273
1.11377 0.038818 2.085938
0.656438 0.001295 0.754378
0 0 0 0
0.002991 1.030273
1.11377 3.116211 2.085938
0.656438 0.001295 0.754378
0 0 0 0
0.998962 1.030273
1.052002 3.116211 2.139648
0.656438 0.001295 0.754378
0 0 0 0
0.998962 1.000977
1.052002 0.038818 2.139648
0.656438 0.001295 0.754378
0 0 0 0
0.002991 1.000977
-1.849365 3.116211 2.085938
0.001382 0.001382 0.999998
0 0 0 0
0.003357 1.030273
-1.849365 0.038818 2.085938
0.001382 0.001382 0.999998
0 0 0 0
0.999207 1.030273
-1.72583 0.038818 2.085938
0.001382 0.001382 0.999998
0 0 0 0
0.999207 1.000977
-1.72583 3.116211 2.085938
0.001382 0.001382 0.999998
0 0 0 0
0.003357 1.000977
-1.849365 0.038818 2.085938
0.656438 0.001295 0.754378
0 0 0 0
0.002991 1.030273
-1.849365 3.116211 2.085938
0.656438 0.001295 0.754378
0 0 0 0
0.998962 1.030273
-1.911133 3.116211 2.139648
0.656438 0.001295 0.754378
0 0 0 0
0.998962 1.000977
-1.911133 0.038818 2.139648
0.656438 0.001295 0.754378
0 0 0 0
0.002991 1.000977
-1.9729 3.116211 2.085938
0.001382 0.001382 0.999998
0 0 0 0
0.999207 1.030273
-2.096436 0.038818 2.085938
0.001382 0.001382 0.999998
0 0 0 0
0.003357 1.000977
-1.9729 0.038818 2.085938
0.001382 0.001382 0.999998
0 0 0 0
0.003357 1.030273
-2.096436 3.116211 2.085938
0.001382 0.001382 0.999998
0 0 0 0
0.999207 1.000977
-1.9729 3.116211 2.085938
-0.656438 0.001295 0.754379
0 0 0 0
0.998962 1.000977
-1.9729 0.038818 2.085938
-0.656438 0.001295 0.754379
0 0 0 0
0.002991 1.000977
-1.911133 0.038818 2.139648
-0.656438 0.001295 0.754379
0 0 0 0
0.002991 1.030273
-1.911133 3.116211 2.139648
-0.656438 0.001295 0.754379
0 0 0 0
0.998962 1.030273
-1.602539 3.116211 2.085938
0.001382 0.001382 0.999998
0 0 0 0
0.003357 1.030273
-1.602539 0.038818 2.085938
0.001382 0.001382 0.999998
0 0 0 0
0.999207 1.030273
-1.479004 0.038818 2.085938
0.001382 0.001382 0.999998
0 0 0 0
0.999207 1.000977
-1.479004 3.116211 2.085938
0.001382 0.001382 0.999998
0 0 0 0
0.003357 1.000977
-1.602539 0.038818 2.085938
0.656438 0.001295 0.754378
0 0 0 0
0.002991 1.030273
-1.602539 3.116211 2.085938
0.656438 0.001295 0.754378
0 0 0 0
0.998962 1.030273
-1.664307 3.116211 2.139648
0.656438 0.001295 0.754378
0 0 0 0
0.998962 1.000977
-1.664307 0.038818 2.139648
0.656438 0.001295 0.754378
0 0 0 0
0.002991 1.000977
-1.72583 3.116211 2.085938
-0.656438 0.001295 0.754379
0 0 0 0
0.998962 1.000977
-1.72583 0.038818 2.085938
-0.656438 0.001295 0.754379
0 0 0 0
0.002991 1.000977
-1.664307 0.038818 2.139648
-0.656438 0.001295 0.754379
0 0 0 0
0.002991 1.030273
-1.664307 3.116211 2.139648
-0.656438 0.001295 0.754379
0 0 0 0
0.998962 1.030273
-1.355469 3.116211 2.085938
0.001382 0.001382 0.999998
0 0 0 0
0.999268 1.000977
-1.355469 0.038818 2.085938
0.001382 0.001382 0.999998
0 0 0 0
0.003357 1.000977
-1.232178 0.038818 2.085938
0.001382 0.001382 0.999998
0 0 0 0
0.003357 1.030273
-1.232178 3.116211 2.085938
0.001382 0.001382 0.999998
0 0 0 0
0.999268 1.030273
-1.355469 0.038818 2.085938
0.656438 0.001295 0.754378
0 0 0 0
0.002991 1.030273
-1.355469 3.116211 2.085938
0.656438 0.001295 0.754378
0 0 0 0
0.998962 1.030273
-1.417236 3.116211 2.139648
0.656438 0.001295 0.754378
0 0 0 0
0.998962 1.000977
-1.417236 0.038818 2.139648
0.656438 0.001295 0.754378
0 0 0 0
0.002991 1.000977
-1.479004 3.116211 2.085938
-0.656438 0.001295 0.754379
0 0 0 0
0.998962 1.000977
-1.479004 0.038818 2.085938
-0.656438 0.001295 0.754379
0 0 0 0
0.002991 1.000977
-1.417236 0.038818 2.139648
-0.656438 0.001295 0.754379
0 0 0 0
0.002991 1.030273
-1.417236 3.116211 2.139648
-0.656438 0.001295 0.754379
0 0 0 0
0.998962 1.030273
-1.108643 3.116211 2.085938
0.001382 0.001382 0.999998
0 0 0 0
0.999207 1.000977
-1.108643 0.038818 2.085938
0.001382 0.001382 0.999998
0 0 0 0
0.003357 1.000977
-0.985107 0.038818 2.085938
0.001382 0.001382 0.999998
0 0 0 0
0.003357 1.030273
-0.985107 3.116211 2.085938
0.001382 0.001382 0.999998
0 0 0 0
0.999207 1.030273
-1.108643 0.038818 2.085938
0.656438 0.001295 0.754378
0 0 0 0
0.002991 1.030273
-1.108643 3.116211 2.085938
0.656438 0.001295 0.754378
0 0 0 0
0.998962 1.030273
-1.17041 3.116211 2.139648
0.656438 0.001295 0.754378
0 0 0 0
0.998962 1.000977
-1.17041 0.038818 2.139648
0.656438 0.001295 0.754378
0 0 0 0
0.002991 1.000977
-1.232178 3.116211 2.085938
-0.656438 0.001295 0.754379
0 0 0 0
0.998962 1.000977
-1.232178 0.038818 2.085938
-0.656438 0.001295 0.754379
0 0 0 0
0.002991 1.000977
-1.17041 0.038818 2.139648
-0.656438 0.001295 0.754379
0 0 0 0
0.002991 1.030273
-1.17041 3.116211 2.139648
-0.656438 0.001295 0.754379
0 0 0 0
0.998962 1.030273
-0.861816 3.116211 2.085938
0.001382 0.001382 0.999998
0 0 0 0
0.003357 1.030273
-0.861816 0.038818 2.085938
0.001382 0.001382 0.999998
0 0 0 0
0.999207 1.030273
-0.738281 0.038818 2.085938
0.001382 0.001382 0.999998
0 0 0 0
0.999207 1.000977
-0.738281 3.116211 2.085938
0.001382 0.001382 0.999998
0 0 0 0
0.003357 1.000977
-0.861816 0.038818 2.085938
0.656438 0.001295 0.754378
0 0 0 0
0.002991 1.030273
-0.861816 3.116211 2.085938
0.656438 0.001295 0.754378
0 0 0 0
0.998962 1.030273
-0.92334 3.116211 2.139648
0.656438 0.001295 0.754378
0 0 0 0
0.998962 1.000977
-0.92334 0.038818 2.139648
0.656438 0.001295 0.754378
0 0 0 0
0.002991 1.000977
-0.985107 3.116211 2.085938
-0.656438 0.001295 0.754379
0 0 0 0
0.998962 1.000977
-0.985107 0.038818 2.085938
-0.656438 0.001295 0.754379
0 0 0 0
0.002991 1.000977
-0.92334 0.038818 2.139648
-0.656438 0.001295 0.754379
0 0 0 0
0.002991 1.030273
-0.92334 3.116211 2.139648
-0.656438 0.001295 0.754379
0 0 0 0
0.998962 1.030273
-0.614746 3.116211 2.085938
0.001382 0.001382 0.999998
0 0 0 0
0.999207 1.000977
-0.614746 0.038818 2.085938
0.001382 0.001382 0.999998
0 0 0 0
0.003357 1.000977
-0.491211 0.038818 2.085938
0.001382 0.001382 0.999998
0 0 0 0
0.003357 1.030273
-0.491211 3.116211 2.085938
0.001382 0.001382 0.999998
0 0 0 0
0.999207 1.030273
-0.614746 0.038818 2.085938
0.656438 0.001295 0.754378
0 0 0 0
0.002991 1.030273
-0.614746 3.116211 2.085938
0.656438 0.001295 0.754378
0 0 0 0
0.998962 1.030273
-0.676514 3.116211 2.139648
0.656438 0.001295 0.754378
0 0 0 0
0.998962 1.000977
-0.676514 0.038818 2.139648
0.656438 0.001295 0.754378
0 0 0 0
0.002991 1.000977
-0.676514 3.116211 2.139648
-0.656438 0.001295 0.754379
0 0 0 0
0.998962 1.030273
-0.738281 3.116211 2.085938
-0.656438 0.001295 0.754379
0 0 0 0
0.998962 1.000977
-0.738281 0.038818 2.085938
-0.656438 0.001295 0.754379
0 0 0 0
0.002991 1.000977
-0.676514 0.038818 2.139648
-0.656438 0.001295 0.754379
0 0 0 0
0.002991 1.030273
-0.36792 3.116211 2.085938
0.001382 0.001382 0.999998
0 0 0 0
0.003357 1.030273
-0.36792 0.038818 2.085938
0.001382 0.001382 0.999998
0 0 0 0
0.999207 1.030273
-0.244385 0.038818 2.085938
0.001382 0.001382 0.999998
0 0 0 0
0.999207 1.000977
-0.244385 3.116211 2.085938
0.001382 0.001382 0.999998
0 0 0 0
0.003357 1.000977
-0.36792 0.038818 2.085938
0.656438 0.001295 0.754378
0 0 0 0
0.002991 1.030273
-0.36792 3.116211 2.085938
0.656438 0.001295 0.754378
0 0 0 0
0.998962 1.030273
-0.429688 3.116211 2.139648
0.656438 0.001295 0.754378
0 0 0 0
0.998962 1.000977
-0.429688 0.038818 2.139648
0.656438 0.001295 0.754378
0 0 0 0
0.002991 1.000977
-0.491211 3.116211 2.085938
-0.656438 0.001295 0.754379
0 0 0 0
0.998962 1.000977
-0.491211 0.038818 2.085938
-0.656438 0.001295 0.754379
0 0 0 0
0.002991 1.000977
-0.429688 0.038818 2.139648
-0.656438 0.001295 0.754379
0 0 0 0
0.002991 1.030273
-0.429688 3.116211 2.139648
-0.656438 0.001295 0.754379
0 0 0 0
0.998962 1.030273
0.002441 3.116211 2.085938
-0.001382 0.001382 0.999998
0 0 0 0
0.999207 1.030273
-0.12085 3.116211 2.085938
-0.001382 0.001382 0.999998
0 0 0 0
0.999207 1.000977
-0.12085 0.038818 2.085938
-0.001382 0.001382 0.999998
0 0 0 0
0.003357 1.000977
0.002441 0.038818 2.085938
-0.001382 0.001382 0.999998
0 0 0 0
0.003357 1.030273
-0.12085 0.038818 2.085938
0.656438 -0.001295 0.754378
0 0 0 0
0.002991 1.030273
-0.12085 3.116211 2.085938
0.656438 -0.001295 0.754378
0 0 0 0
0.998962 1.030273
-0.182617 3.116211 2.139648
0.656438 -0.001295 0.754378
0 0 0 0
0.998962 1.000977
-0.182617 0.038818 2.139648
0.656438 -0.001295 0.754378
0 0 0 0
0.002991 1.000977
-0.244385 3.116211 2.085938
-0.656438 0.001295 0.754379
0 0 0 0
0.998962 1.000977
-0.244385 0.038818 2.085938
-0.656438 0.001295 0.754379
0 0 0 0
0.002991 1.000977
-0.182617 0.038818 2.139648
-0.656438 0.001295 0.754379
0 0 0 0
0.002991 1.030273
-0.182617 3.116211 2.139648
-0.656438 0.001295 0.754379
0 0 0 0
0.998962 1.030273
0.125977 3.116211 2.085938
0.001382 0.001382 0.999998
0 0 0 0
0.003357 1.030273
0.125977 0.038818 2.085938
0.001382 0.001382 0.999998
0 0 0 0
0.999207 1.030273
0.249512 0.038818 2.085938
0.001382 0.001382 0.999998
0 0 0 0
0.999207 1.000977
0.249512 3.116211 2.085938
0.001382 0.001382 0.999998
0 0 0 0
0.003357 1.000977
0.125977 0.038818 2.085938
0.656438 -0.001295 0.754378
0 0 0 0
0.002991 1.030273
0.125977 3.116211 2.085938
0.656438 -0.001295 0.754378
0 0 0 0
0.998962 1.030273
0.064209 3.116211 2.139648
0.656438 -0.001295 0.754378
0 0 0 0
0.998962 1.000977
0.064209 0.038818 2.139648
0.656438 -0.001295 0.754378
0 0 0 0
0.002991 1.000977
0.002441 3.116211 2.085938
-0.656438 0.001295 0.754379
0 0 0 0
0.998962 1.000977
0.002441 0.038818 2.085938
-0.656438 0.001295 0.754379
0 0 0 0
0.002991 1.000977
0.064209 0.038818 2.139648
-0.656438 0.001295 0.754379
0 0 0 0
0.002991 1.030273
0.064209 3.116211 2.139648
-0.656438 0.001295 0.754379
0 0 0 0
0.998962 1.030273
0.373047 3.116211 2.085938
0.001382 0.001382 0.999998
0 0 0 0
0.999207 1.000977
0.373047 0.038818 2.085938
0.001382 0.001382 0.999998
0 0 0 0
0.003357 1.000977
0.496338 0.038818 2.085938
0.001382 0.001382 0.999998
0 0 0 0
0.003357 1.030273
0.496338 3.116211 2.085938
0.001382 0.001382 0.999998
0 0 0 0
0.999207 1.030273
0.373047 0.038818 2.085938
0.656438 0.001295 0.754378
0 0 0 0
0.002991 1.030273
0.373047 3.116211 2.085938
0.656438 0.001295 0.754378
0 0 0 0
0.998962 1.030273
0.311279 3.116211 2.139648
0.656438 0.001295 0.754378
0 0 0 0
0.998962 1.000977
0.311279 0.038818 2.139648
0.656438 0.001295 0.754378
0 0 0 0
0.002991 1.000977
0.249512 3.116211 2.085938
-0.656438 0.001295 0.754379
0 0 0 0
0.998962 1.000977
0.249512 0.038818 2.085938
-0.656438 0.001295 0.754379
0 0 0 0
0.002991 1.000977
0.311279 0.038818 2.139648
-0.656438 0.001295 0.754379
0 0 0 0
0.002991 1.030273
0.311279 3.116211 2.139648
-0.656438 0.001295 0.754379
0 0 0 0
0.998962 1.030273
0.619873 3.116211 2.085938
0.001382 0.001382 0.999998
0 0 0 0
0.999207 1.000977
0.619873 0.038818 2.085938
0.001382 0.001382 0.999998
0 0 0 0
0.003357 1.000977
0.743408 0.038818 2.085938
0.001382 0.001382 0.999998
0 0 0 0
0.003357 1.030273
0.743408 3.116211 2.085938
0.001382 0.001382 0.999998
0 0 0 0
0.999207 1.030273
0.619873 0.038818 2.085938
0.656438 0.001295 0.754378
0 0 0 0
0.002991 1.030273
0.619873 3.116211 2.085938
0.656438 0.001295 0.754378
0 0 0 0
0.998962 1.030273
0.558105 3.116211 2.139648
0.656438 0.001295 0.754378
0 0 0 0
0.998962 1.000977
0.558105 0.038818 2.139648
0.656438 0.001295 0.754378
0 0 0 0
0.002991 1.000977
0.496338 3.116211 2.085938
-0.656438 0.001295 0.754379
0 0 0 0
0.998962 1.000977
0.496338 0.038818 2.085938
-0.656438 0.001295 0.754379
0 0 0 0
0.002991 1.000977
0.558105 0.038818 2.139648
-0.656438 0.001295 0.754379
0 0 0 0
0.002991 1.030273
0.558105 3.116211 2.139648
-0.656438 0.001295 0.754379
0 0 0 0
0.998962 1.030273
0.866699 0.038818 2.085938
0.656438 0.001295 0.754378
0 0 0 0
0.002991 1.030273
0.866699 3.116211 2.085938
0.656438 0.001295 0.754378
0 0 0 0
0.998962 1.030273
0.804932 3.116211 2.139648
0.656438 0.001295 0.754378
0 0 0 0
0.998962 1.000977
0.804932 0.038818 2.139648
0.656438 0.001295 0.754378
0 0 0 0
0.002991 1.000977
0.743408 3.116211 2.085938
-0.656438 0.001295 0.754379
0 0 0 0
0.998962 1.000977
0.743408 0.038818 2.085938
-0.656438 0.001295 0.754379
0 0 0 0
0.002991 1.000977
0.804932 0.038818 2.139648
-0.656438 0.001295 0.754379
0 0 0 0
0.002991 1.030273
0.804932 3.116211 2.139648
-0.656438 0.001295 0.754379
0 0 0 0
0.998962 1.030273
0.928467 3.116211 2.085938
0.000978 -1 0.000001
0 0 0 0
0.600403 1.000977
4.004883 3.116211 2.085938
0.000978 -1 0.000001
0 0 0 0
0.039795 1.000977
4.004883 3.116211 2.254639
0.000978 -1 0.000001
0 0 0 0
0.039795 1.030273
0.844238 3.116211 2.254639
0.000978 -1 0.000001
0 0 0 0
0.616028 1.030273
-2.096436 3.116211 2.085938
0.000978 -1 0.000001
0 0 0 0
0.587891 1.000977
0.928467 3.116211 2.085938
0.000978 -1 0.000001
0 0 0 0
0.027283 1.000977
0.844238 3.116211 2.254639
0.000978 -1 0.000001
0 0 0 0
0.042908 1.030273
-2.234863 3.116211 2.254639
0.000978 -1 0.000001
0 0 0 0
0.619141 1.030273
4.004883 3.116211 2.254639
0.001382 0.001382 0.999998
0 0 0 0
0.800781 1.030273
4.004883 3.240723 2.254639
0.001382 0.001382 0.999998
0 0 0 0
0.800781 1.000977
0.844238 3.240723 2.254639
0.001382 0.001382 0.999998
0 0 0 0
0.072876 1.000977
0.844238 3.116211 2.254639
0.001382 0.001382 0.999998
0 0 0 0
0.072876 1.030273
0.844238 3.116211 2.254639
0.001382 0.001382 0.999998
0 0 0 0
0.729492 0.030273
0.844238 3.240723 2.254639
0.001382 0.001382 0.999998
0 0 0 0
0.729492 0.000977
-2.234863 3.240723 2.254639
0.001382 0.001382 0.999998
0 0 0 0
0.002991 0.000977
-2.234863 3.116211 2.254639
0.001382 0.001382 0.999998
0 0 0 0
0.002991 0.030273
-2.096436 0.038818 -0.935547
-1 -0.000977 -0.000001
0 0 0 0
0.509583 -0.097656
-2.096436 3.116211 -3.985352
-1 -0.000977 -0.000001
0 0 0 0
0.113708 -0.528748
-2.096436 0.038818 -3.985352
-1 -0.000977 -0.000001
0 0 0 0
0.113708 -0.097656
-2.096436 3.116211 -0.935547
-1 -0.000977 -0.000001
0 0 0 0
0.509583 -0.528748
-2.096436 3.116211 -0.935547
0.000978 -1 -0.000001
0 0 0 0
0.693359 1.030273
-2.234863 3.116211 -3.985352
0.000978 -1 -0.000001
0 0 0 0
0.133423 1.000977
-2.096436 3.116211 -3.985352
0.000978 -1 -0.000001
0 0 0 0
0.133423 1.030273
-2.234863 3.116211 -0.851318
0.000978 -1 -0.000001
0 0 0 0
0.708984 1.000977
-2.234863 3.116211 -0.851318
-1 0.000978 -0.000001
0 0 0 0
0.79364 1.030273
-2.234863 3.240723 -0.851318
-1 0.000978 -0.000001
0 0 0 0
0.79364 1.000977
-2.234863 3.240723 -3.985352
-1 0.000978 -0.000001
0 0 0 0
0.066467 1.000977
-2.234863 3.116211 -3.985352
-1 0.000978 -0.000001
0 0 0 0
0.066467 1.030273
-2.096436 0.038818 2.085938
-1 0.000978 -0.000001
0 0 0 0
0.995911 -0.097656
-2.096436 3.116211 2.085938
-1 0.000978 -0.000001
0 0 0 0
0.995911 -0.528748
-2.096436 3.116211 -0.935547
-1 -0.000977 -0.000001
0 0 0 0
0.600037 -0.528748
-2.096436 0.038818 -0.935547
-1 -0.000977 -0.000001
0 0 0 0
0.600037 -0.097656
-2.096436 3.116211 2.085938
0.000978 -1 0.000001
0 0 0 0
0.752075 1.030273
-2.234863 3.116211 2.254639
0.000978 -1 0.000001
0 0 0 0
0.783325 1.000977
-2.234863 3.116211 -0.851318
0.000978 -1 -0.000001
0 0 0 0
0.207703 1.000977
-2.096436 3.116211 -0.935547
0.000978 -1 -0.000001
0 0 0 0
0.192078 1.030273
-2.234863 3.116211 2.254639
-1 0.000978 -0.000001
0 0 0 0
0.998962 0.030273
-2.234863 3.240723 2.254639
-1 0.000978 -0.000001
0 0 0 0
0.998962 0.000977
-2.234863 3.240723 -0.851318
-1 0.000978 -0.000001
0 0 0 0
0.27179 0.000977
-2.234863 3.116211 -0.851318
-1 0.000978 -0.000001
0 0 0 0
0.27179 0.030273
166
2 1 0
3 2 0
6 5 4
7 6 4
10 9 8
11 10 8
14 13 12
15 14 12
18 17 16
19 18 16
22 21 20
23 22 20
26 25 24
27 26 24
30 29 28
31 30 28
34 33 32
35 34 32
38 37 36
39 38 36
42 41 40
43 42 40
46 45 44
47 46 44
50 49 48
51 50 48
54 53 52
55 54 52
58 57 56
59 58 56
62 61 60
63 62 60
66 65 64
67 66 64
70 69 68
71 70 68
74 73 72
75 74 72
78 77 76
79 78 76
82 81 80
83 82 80
86 85 84
87 86 84
90 89 88
91 90 88
94 93 92
95 94 92
98 97 96
99 98 96
102 101 100
103 102 100
106 105 104
107 106 104
110 109 108
111 110 108
114 113 112
115 114 112
118 117 116
119 118 116
122 121 120
123 122 120
126 125 124
127 126 124
130 129 128
131 130 128
134 133 132
135 134 132
138 137 136
139 138 136
142 141 140
143 142 140
146 145 144
147 146 144
150 149 148
151 150 148
154 153 152
155 154 152
158 157 156
157 159 156
162 161 160
163 162 160
166 165 164
167 166 164
170 169 168
171 170 168
174 173 172
175 174 172
178 177 176
179 178 176
182 181 180
183 182 180
186 185 184
187 186 184
190 189 188
191 190 188
194 193 192
195 194 192
198 197 196
199 198 196
202 201 200
203 202 200
206 205 204
207 206 204
210 209 208
211 210 208
214 213 212
215 214 212
218 217 216
219 218 216
222 221 220
223 222 220
226 225 224
227 226 224
230 229 228
231 230 228
234 233 232
235 234 232
238 237 236
239 238 236
242 241 240
243 242 240
246 245 244
247 246 244
250 249 248
251 250 248
254 253 252
255 254 252
258 257 256
259 258 256
262 261 260
263 262 260
266 265 264
267 266 264
270 269 268
271 270 268
274 273 272
275 274 272
278 277 276
279 278 276
282 281 280
283 282 280
286 285 284
287 286 284
290 289 288
291 290 288
294 293 292
295 294 292
298 297 296
299 298 296
302 301 300
303 302 300
306 305 304
307 306 304
310 309 308
309 311 308
314 313 312
313 315 312
318 317 316
319 318 316
322 321 320
323 322 320
326 325 324
327 326 324
330 329 328
331 330 328
