0
4
sm00_materials\cp_materials\metal\cp_base_steel_trim_01.material
1
0
454
0.750244 0.009766 1.318604
0.001382 0.001382 0.999998
0 0 0 0
1 0.095581
0.83252 0.009766 1.318604
0.001382 0.001382 0.999998
0 0 0 0
1 0.030151
0.83252 2.501953 1.318604
0.001382 0.001382 0.999998
0 0 0 0
0 0.030151
0.750244 2.501953 1.318604
0.001382 0.001382 0.999998
0 0 0 0
0 0.095581
0.750244 0.009766 1.279541
0.000978 -1 -0.000001
0 0 0 0
0 0.095581
0.83252 0.009766 1.279541
0.000978 -1 -0.000001
0 0 0 0
1 0.095581
0.83252 0.009766 1.318604
0.000978 -1 -0.000001
0 0 0 0
1 0.030151
0.750244 0.009766 1.318604
0.000978 -1 -0.000001
0 0 0 0
0 0.030151
0.83252 2.501953 1.279541
1 0.000978 -0.000001
0 0 0 0
0 0.030151
0.83252 2.501953 1.318604
1 0.000978 -0.000001
0 0 0 0
0 0.095581
0.83252 0.009766 1.318604
1 0.000978 -0.000001
0 0 0 0
1 0.095581
0.83252 0.009766 1.279541
1 0.000978 -0.000001
0 0 0 0
1 0.030151
0.83252 2.501953 1.279541
0.000978 1 -0.000001
0 0 0 0
0 0.095581
0.750244 2.501953 1.279541
0.000978 1 -0.000001
0 0 0 0
1 0.095581
0.750244 2.501953 1.318604
0.000978 1 -0.000001
0 0 0 0
1 0.030151
0.83252 2.501953 1.318604
0.000978 1 -0.000001
0 0 0 0
0 0.030151
0.750244 0.009766 1.318604
-1 0.000978 -0.000001
0 0 0 0
0 0.095581
0.750244 2.501953 1.318604
-1 0.000978 -0.000001
0 0 0 0
1 0.095581
0.750244 2.501953 1.279541
-1 0.000978 -0.000001
0 0 0 0
1 0.030151
0.750244 0.009766 1.279541
-1 0.000978 -0.000001
0 0 0 0
0 0.030151
0.214111 3.553711 0.284912
-1 0.000978 -0.000001
0 0 0 0
1 0.092224
0.214111 3.542969 0.279541
-1 0.000978 -0.000001
0 0 0 0
1 0.032776
0.214111 3.162842 1.057861
-1 0.000978 -0.000001
0 0 0 0
0 0.032776
0.214111 3.173584 1.063232
-1 0.000978 -0.000001
0 0 0 0
0 0.092224
0.214111 3.553711 0.284912
0.001172 0.89904 0.437866
0 0 0 0
0 0.092224
0.214111 3.173584 1.063232
0.001172 0.89904 0.437866
0 0 0 0
1 0.092224
0.255371 3.173584 1.063232
0.001172 0.89904 0.437866
0 0 0 0
1 0.032776
0.255371 3.553711 0.284912
0.001172 0.89904 0.437866
0 0 0 0
0 0.032776
0.255371 3.162842 1.057861
1 -0.000977 -0.000001
0 0 0 0
0 0.092224
0.255371 3.542969 0.279541
1 -0.000977 -0.000001
0 0 0 0
1 0.092224
0.255371 3.553711 0.284912
1 -0.000977 -0.000001
0 0 0 0
1 0.032776
0.255371 3.173584 1.063232
1 -0.000977 -0.000001
0 0 0 0
0 0.032776
-0.256836 3.553711 0.284912
-1 0.000978 -0.000001
0 0 0 0
1 0.093689
-0.256836 3.542969 0.279541
-1 0.000978 -0.000001
0 0 0 0
1 0.030762
-0.256836 3.162842 1.057861
-1 0.000978 -0.000001
0 0 0 0
0 0.030762
-0.256836 3.173584 1.063232
-1 0.000978 -0.000001
0 0 0 0
0 0.093689
-0.256836 3.553711 0.284912
0.001172 0.89904 0.437866
0 0 0 0
0 0.093689
-0.256836 3.173584 1.063232
0.001172 0.89904 0.437866
0 0 0 0
1 0.093689
-0.21582 3.173584 1.063232
0.001172 0.89904 0.437866
0 0 0 0
1 0.030762
-0.21582 3.553711 0.284912
0.001172 0.89904 0.437866
0 0 0 0
0 0.030762
-0.21582 3.162842 1.057861
1 0.000978 -0.000001
0 0 0 0
0 0.093689
-0.21582 3.542969 0.279541
1 0.000978 -0.000001
0 0 0 0
1 0.093689
-0.21582 3.553711 0.284912
1 0.000978 -0.000001
0 0 0 0
1 0.030762
-0.21582 3.173584 1.063232
1 0.000978 -0.000001
0 0 0 0
0 0.030762
-0.663574 3.363525 0.674316
0.001172 0.89904 0.437866
0 0 0 0
0 0.093689
-0.663574 3.171875 1.06665
0.001172 0.89904 0.437866
0 0 0 0
1 0.093689
-0.622314 3.171875 1.06665
0.001172 0.89904 0.437866
0 0 0 0
1 0.030762
-0.622314 3.363525 0.674316
0.001172 0.89904 0.437866
0 0 0 0
0 0.030762
-0.663574 3.171875 1.06665
-1 0.000978 0.000001
0 0 0 0
0 0.093689
-0.663574 3.363525 0.674316
-1 0.000978 0.000001
0 0 0 0
1 0.093689
-0.663574 3.352783 0.668945
-1 0.000978 0.000001
0 0 0 0
1 0.030762
-0.663574 3.161133 1.061279
-1 0.000978 0.000001
0 0 0 0
0 0.030762
-0.622314 3.352783 0.668945
1 0.000978 -0.000001
0 0 0 0
1 0.093689
-0.622314 3.363525 0.674316
1 0.000978 -0.000001
0 0 0 0
1 0.030762
-0.622314 3.171875 1.06665
1 0.000978 -0.000001
0 0 0 0
0 0.030762
-0.622314 3.161133 1.061279
1 0.000978 -0.000001
0 0 0 0
0 0.093689
0.629883 3.363525 0.674316
0.001172 0.89904 0.437866
0 0 0 0
0 0.093689
0.629883 3.171875 1.06665
0.001172 0.89904 0.437866
0 0 0 0
1 0.093689
0.671143 3.171875 1.06665
0.001172 0.89904 0.437866
0 0 0 0
1 0.030762
0.671143 3.363525 0.674316
0.001172 0.89904 0.437866
0 0 0 0
0 0.030762
0.629883 3.171875 1.06665
-1 0.000978 -0.000001
0 0 0 0
0 0.093689
0.629883 3.363525 0.674316
-1 0.000978 -0.000001
0 0 0 0
1 0.093689
0.629883 3.352783 0.668945
-1 0.000978 -0.000001
0 0 0 0
1 0.030762
0.629883 3.161133 1.061279
-1 0.000978 -0.000001
0 0 0 0
0 0.030762
0.671143 3.352783 0.668945
1 0.000978 -0.000001
0 0 0 0
1 0.093689
0.671143 3.363525 0.674316
1 0.000978 -0.000001
0 0 0 0
1 0.030762
0.671143 3.171875 1.06665
1 0.000978 -0.000001
0 0 0 0
0 0.030762
0.671143 3.161133 1.061279
1 0.000978 -0.000001
0 0 0 0
0 0.093689
0.284912 3.553711 -0.214111
0.001382 0.001382 0.999998
0 0 0 0
1 0.093689
0.279541 3.542969 -0.214111
0.001382 0.001382 0.999998
0 0 0 0
1 0.030762
1.057861 3.162842 -0.214111
0.001382 0.001382 0.999998
0 0 0 0
0 0.030762
1.063232 3.173584 -0.214111
0.001382 0.001382 0.999998
0 0 0 0
0 0.093689
0.284912 3.553711 -0.214111
0.438982 0.898496 0.000351
0 0 0 0
0 0.093689
1.063232 3.173584 -0.214111
0.438982 0.898496 0.000351
0 0 0 0
1 0.093689
1.063232 3.173584 -0.255371
0.438982 0.898496 0.000351
0 0 0 0
1 0.030762
0.284912 3.553711 -0.255371
0.438982 0.898496 0.000351
0 0 0 0
0 0.030762
1.057861 3.162842 -0.255371
0.001382 0.001382 -0.999998
0 0 0 0
0 0.093689
0.279541 3.542969 -0.255371
0.001382 0.001382 -0.999998
0 0 0 0
1 0.093689
0.284912 3.553711 -0.255371
0.001382 0.001382 -0.999998
0 0 0 0
1 0.030762
1.063232 3.173584 -0.255371
0.001382 0.001382 -0.999998
0 0 0 0
0 0.030762
0.284912 3.553711 0.256836
0.001382 0.001382 0.999998
0 0 0 0
1 0.093689
0.279541 3.542969 0.256836
0.001382 0.001382 0.999998
0 0 0 0
1 0.030762
1.057861 3.162842 0.256836
0.001382 0.001382 0.999998
0 0 0 0
0 0.030762
1.063232 3.173584 0.256836
0.001382 0.001382 0.999998
0 0 0 0
0 0.093689
0.284912 3.553711 0.256836
0.438982 0.898496 0.000351
0 0 0 0
0 0.093689
1.063232 3.173584 0.256836
0.438982 0.898496 0.000351
0 0 0 0
1 0.093689
1.063232 3.173584 0.21582
0.438982 0.898496 0.000351
0 0 0 0
1 0.030762
0.284912 3.553711 0.21582
0.438982 0.898496 0.000351
0 0 0 0
0 0.030762
1.057861 3.162842 0.21582
0.001382 0.001382 -0.999998
0 0 0 0
0 0.093689
0.279541 3.542969 0.21582
0.001382 0.001382 -0.999998
0 0 0 0
1 0.093689
0.284912 3.553711 0.21582
0.001382 0.001382 -0.999998
0 0 0 0
1 0.030762
1.063232 3.173584 0.21582
0.001382 0.001382 -0.999998
0 0 0 0
0 0.030762
0.674316 3.363525 0.663574
0.438982 0.898496 -0.000351
0 0 0 0
0 0.093689
1.06665 3.171875 0.663574
0.438982 0.898496 -0.000351
0 0 0 0
1 0.093689
1.06665 3.171875 0.622314
0.438982 0.898496 -0.000351
0 0 0 0
1 0.030762
0.674316 3.363525 0.622314
0.438982 0.898496 -0.000351
0 0 0 0
0 0.030762
1.06665 3.171875 0.663574
-0.001382 0.001382 0.999998
0 0 0 0
0 0.093689
0.674316 3.363525 0.663574
-0.001382 0.001382 0.999998
0 0 0 0
1 0.093689
0.668945 3.352783 0.663574
-0.001382 0.001382 0.999998
0 0 0 0
1 0.030762
1.061279 3.161133 0.663574
-0.001382 0.001382 0.999998
0 0 0 0
0 0.030762
0.668945 3.352783 0.622314
-0.001382 0.001382 -0.999998
0 0 0 0
1 0.093689
0.674316 3.363525 0.622314
-0.001382 0.001382 -0.999998
0 0 0 0
1 0.030762
1.06665 3.171875 0.622314
-0.001382 0.001382 -0.999998
0 0 0 0
0 0.030762
1.061279 3.161133 0.622314
-0.001382 0.001382 -0.999998
0 0 0 0
0 0.093689
0.674316 3.363525 -0.629883
0.438982 0.898496 -0.000351
0 0 0 0
0 0.093689
1.06665 3.171875 -0.629883
0.438982 0.898496 -0.000351
0 0 0 0
1 0.093689
1.06665 3.171875 -0.671143
0.438982 0.898496 -0.000351
0 0 0 0
1 0.030762
0.674316 3.363525 -0.671143
0.438982 0.898496 -0.000351
0 0 0 0
0 0.030762
1.06665 3.171875 -0.629883
0.001382 0.001382 0.999998
0 0 0 0
0 0.093689
0.674316 3.363525 -0.629883
0.001382 0.001382 0.999998
0 0 0 0
1 0.093689
0.668945 3.352783 -0.629883
0.001382 0.001382 0.999998
0 0 0 0
1 0.030762
1.061279 3.161133 -0.629883
0.001382 0.001382 0.999998
0 0 0 0
0 0.030762
0.668945 3.352783 -0.671143
0.001382 0.001382 -0.999998
0 0 0 0
1 0.093689
0.674316 3.363525 -0.671143
0.001382 0.001382 -0.999998
0 0 0 0
1 0.030762
1.06665 3.171875 -0.671143
0.001382 0.001382 -0.999998
0 0 0 0
0 0.030762
1.061279 3.161133 -0.671143
0.001382 0.001382 -0.999998
0 0 0 0
0 0.093689
-0.284912 3.553711 -0.214111
-0.438982 0.898496 0.000351
0 0 0 0
1 0.093689
-1.063232 3.173584 -0.255371
-0.438982 0.898496 0.000351
0 0 0 0
0 0.030762
-1.063232 3.173584 -0.214111
-0.438982 0.898496 0.000351
0 0 0 0
0 0.093689
-0.284912 3.553711 -0.255371
-0.438982 0.898496 0.000351
0 0 0 0
1 0.030762
-0.284912 3.553711 -0.214111
0.001382 0.001382 0.999998
0 0 0 0
0 0.093689
-1.063232 3.173584 -0.214111
0.001382 0.001382 0.999998
0 0 0 0
1 0.093689
-1.057861 3.162842 -0.214111
0.001382 0.001382 0.999998
0 0 0 0
1 0.030762
-0.279541 3.542969 -0.214111
0.001382 0.001382 0.999998
0 0 0 0
0 0.030762
-0.284912 3.553711 -0.255371
0.001382 0.001382 -0.999998
0 0 0 0
0 0.030762
-0.279541 3.542969 -0.255371
0.001382 0.001382 -0.999998
0 0 0 0
0 0.093689
-1.057861 3.162842 -0.255371
0.001382 0.001382 -0.999998
0 0 0 0
1 0.093689
-1.063232 3.173584 -0.255371
0.001382 0.001382 -0.999998
0 0 0 0
1 0.030762
-0.284912 3.553711 0.256836
-0.438982 0.898496 0.000351
0 0 0 0
1 0.093689
-1.063232 3.173584 0.21582
-0.438982 0.898496 0.000351
0 0 0 0
0 0.030762
-1.063232 3.173584 0.256836
-0.438982 0.898496 0.000351
0 0 0 0
0 0.093689
-0.284912 3.553711 0.21582
-0.438982 0.898496 0.000351
0 0 0 0
1 0.030762
-0.284912 3.553711 0.256836
-0.001382 0.001382 0.999998
0 0 0 0
0 0.093689
-1.063232 3.173584 0.256836
-0.001382 0.001382 0.999998
0 0 0 0
1 0.093689
-1.057861 3.162842 0.256836
-0.001382 0.001382 0.999998
0 0 0 0
1 0.030762
-0.279541 3.542969 0.256836
-0.001382 0.001382 0.999998
0 0 0 0
0 0.030762
-0.284912 3.553711 0.21582
0.001382 0.001382 -0.999998
0 0 0 0
0 0.030762
-0.279541 3.542969 0.21582
0.001382 0.001382 -0.999998
0 0 0 0
0 0.093689
-1.057861 3.162842 0.21582
0.001382 0.001382 -0.999998
0 0 0 0
1 0.093689
-1.063232 3.173584 0.21582
0.001382 0.001382 -0.999998
0 0 0 0
1 0.030762
-0.674316 3.363525 0.663574
-0.438982 0.898496 -0.000351
0 0 0 0
1 0.093689
-0.674316 3.363525 0.622314
-0.438982 0.898496 -0.000351
0 0 0 0
1 0.030762
-1.06665 3.171875 0.622314
-0.438982 0.898496 -0.000351
0 0 0 0
0 0.030762
-1.06665 3.171875 0.663574
-0.438982 0.898496 -0.000351
0 0 0 0
0 0.093689
-0.668945 3.352783 0.663574
-0.001382 0.001382 0.999998
0 0 0 0
0 0.030762
-0.674316 3.363525 0.663574
-0.001382 0.001382 0.999998
0 0 0 0
0 0.093689
-1.06665 3.171875 0.663574
-0.001382 0.001382 0.999998
0 0 0 0
1 0.093689
-1.061279 3.161133 0.663574
-0.001382 0.001382 0.999998
0 0 0 0
1 0.030762
-0.668945 3.352783 0.622314
-0.001382 0.001382 -0.999998
0 0 0 0
0 0.093689
-1.061279 3.161133 0.622314
-0.001382 0.001382 -0.999998
0 0 0 0
1 0.093689
-1.06665 3.171875 0.622314
-0.001382 0.001382 -0.999998
0 0 0 0
1 0.030762
-0.674316 3.363525 0.622314
-0.001382 0.001382 -0.999998
0 0 0 0
0 0.030762
-0.674316 3.363525 -0.629883
-0.438982 0.898496 -0.000351
0 0 0 0
1 0.093689
-0.674316 3.363525 -0.671143
-0.438982 0.898496 -0.000351
0 0 0 0
1 0.030762
-1.06665 3.171875 -0.671143
-0.438982 0.898496 -0.000351
0 0 0 0
0 0.030762
-1.06665 3.171875 -0.629883
-0.438982 0.898496 -0.000351
0 0 0 0
0 0.093689
-0.668945 3.352783 -0.629883
-0.001382 0.001382 0.999998
0 0 0 0
0 0.030762
-0.674316 3.363525 -0.629883
-0.001382 0.001382 0.999998
0 0 0 0
0 0.093689
-1.06665 3.171875 -0.629883
-0.001382 0.001382 0.999998
0 0 0 0
1 0.093689
-1.061279 3.161133 -0.629883
-0.001382 0.001382 0.999998
0 0 0 0
1 0.030762
-0.668945 3.352783 -0.671143
0.001382 0.001382 -0.999998
0 0 0 0
0 0.093689
-1.061279 3.161133 -0.671143
0.001382 0.001382 -0.999998
0 0 0 0
1 0.093689
-1.06665 3.171875 -0.671143
0.001382 0.001382 -0.999998
0 0 0 0
1 0.030762
-0.674316 3.363525 -0.671143
0.001382 0.001382 -0.999998
0 0 0 0
0 0.030762
-0.214111 3.553711 -0.284912
1 0.000978 -0.000001
0 0 0 0
0 0.030762
-0.214111 3.542969 -0.279541
1 0.000978 -0.000001
0 0 0 0
0 0.093689
-0.214111 3.162842 -1.057861
1 0.000978 -0.000001
0 0 0 0
1 0.093689
-0.214111 3.173584 -1.063232
1 0.000978 -0.000001
0 0 0 0
1 0.030762
-0.214111 3.553711 -0.284912
0.001172 0.89904 -0.437866
0 0 0 0
1 0.030762
-0.214111 3.173584 -1.063232
0.001172 0.89904 -0.437866
0 0 0 0
0 0.030762
-0.255371 3.173584 -1.063232
0.001172 0.89904 -0.437866
0 0 0 0
0 0.093689
-0.255371 3.553711 -0.284912
0.001172 0.89904 -0.437866
0 0 0 0
1 0.093689
-0.255371 3.162842 -1.057861
-1 -0.000977 -0.000001
0 0 0 0
1 0.030762
-0.255371 3.542969 -0.279541
-1 -0.000977 -0.000001
0 0 0 0
0 0.030762
-0.255371 3.553711 -0.284912
-1 -0.000977 -0.000001
0 0 0 0
0 0.093689
-0.255371 3.173584 -1.063232
-1 -0.000977 -0.000001
0 0 0 0
1 0.093689
0.256836 3.553711 -0.284912
1 0.000978 -0.000001
0 0 0 0
1 0.093689
0.256836 3.542969 -0.279541
1 0.000978 -0.000001
0 0 0 0
1 0.030762
0.256836 3.162842 -1.057861
1 0.000978 -0.000001
0 0 0 0
0 0.030762
0.256836 3.173584 -1.063232
1 0.000978 -0.000001
0 0 0 0
0 0.093689
0.256836 3.553711 -0.284912
0.001172 0.89904 -0.437866
0 0 0 0
0 0.093689
0.256836 3.173584 -1.063232
0.001172 0.89904 -0.437866
0 0 0 0
1 0.093689
0.21582 3.173584 -1.063232
0.001172 0.89904 -0.437866
0 0 0 0
1 0.030762
0.21582 3.553711 -0.284912
0.001172 0.89904 -0.437866
0 0 0 0
0 0.030762
0.21582 3.162842 -1.057861
-1 0.000978 -0.000001
0 0 0 0
0 0.093689
0.21582 3.542969 -0.279541
-1 0.000978 -0.000001
0 0 0 0
1 0.093689
0.21582 3.553711 -0.284912
-1 0.000978 -0.000001
0 0 0 0
1 0.030762
0.21582 3.173584 -1.063232
-1 0.000978 -0.000001
0 0 0 0
0 0.030762
0.663574 3.363525 -0.674316
-0.001172 0.89904 -0.437866
0 0 0 0
0 0.093689
0.663574 3.171875 -1.06665
-0.001172 0.89904 -0.437866
0 0 0 0
1 0.093689
0.622314 3.171875 -1.06665
-0.001172 0.89904 -0.437866
0 0 0 0
1 0.030762
0.622314 3.363525 -0.674316
-0.001172 0.89904 -0.437866
0 0 0 0
0 0.030762
0.663574 3.171875 -1.06665
1 0.000978 -0.000001
0 0 0 0
0 0.093689
0.663574 3.363525 -0.674316
1 0.000978 -0.000001
0 0 0 0
1 0.093689
0.663574 3.352783 -0.668945
1 0.000978 -0.000001
0 0 0 0
1 0.030762
0.663574 3.161133 -1.061279
1 0.000978 -0.000001
0 0 0 0
0 0.030762
0.622314 3.352783 -0.668945
-1 0.000978 -0.000001
0 0 0 0
1 0.093689
0.622314 3.363525 -0.674316
-1 0.000978 -0.000001
0 0 0 0
1 0.030762
0.622314 3.171875 -1.06665
-1 0.000978 -0.000001
0 0 0 0
0 0.030762
0.622314 3.161133 -1.061279
-1 0.000978 -0.000001
0 0 0 0
0 0.093689
-0.629883 3.363525 -0.674316
-0.001172 0.89904 -0.437866
0 0 0 0
0 0.093689
-0.629883 3.171875 -1.06665
-0.001172 0.89904 -0.437866
0 0 0 0
1 0.093689
-0.671143 3.171875 -1.06665
-0.001172 0.89904 -0.437866
0 0 0 0
1 0.030762
-0.671143 3.363525 -0.674316
-0.001172 0.89904 -0.437866
0 0 0 0
0 0.030762
-0.629883 3.171875 -1.06665
1 0.000978 -0.000001
0 0 0 0
0 0.093689
-0.629883 3.363525 -0.674316
1 0.000978 -0.000001
0 0 0 0
1 0.093689
-0.629883 3.352783 -0.668945
1 0.000978 -0.000001
0 0 0 0
1 0.030762
-0.629883 3.161133 -1.061279
1 0.000978 -0.000001
0 0 0 0
0 0.030762
-0.671143 3.352783 -0.668945
-1 0.000978 0.000001
0 0 0 0
1 0.093689
-0.671143 3.363525 -0.674316
-1 0.000978 0.000001
0 0 0 0
1 0.030762
-0.671143 3.171875 -1.06665
-1 0.000978 0.000001
0 0 0 0
0 0.030762
-0.671143 3.161133 -1.061279
-1 0.000978 0.000001
0 0 0 0
0 0.093689
-0.832275 0.009766 1.318604
0.001382 0.001382 0.999998
0 0 0 0
1 0.095581
-0.75 0.009766 1.318604
0.001382 0.001382 0.999998
0 0 0 0
1 0.030151
-0.75 2.501953 1.318604
0.001382 0.001382 0.999998
0 0 0 0
0 0.030151
-0.832275 2.501953 1.318604
0.001382 0.001382 0.999998
0 0 0 0
0 0.095581
-0.832275 0.009766 1.279541
0.000978 -1 -0.000001
0 0 0 0
0 0.095581
-0.75 0.009766 1.279541
0.000978 -1 -0.000001
0 0 0 0
1 0.095581
-0.75 0.009766 1.318604
0.000978 -1 -0.000001
0 0 0 0
1 0.030151
-0.832275 0.009766 1.318604
0.000978 -1 -0.000001
0 0 0 0
0 0.030151
-0.75 2.501953 1.279541
1 0.000978 -0.000001
0 0 0 0
0 0.030151
-0.75 2.501953 1.318604
1 0.000978 -0.000001
0 0 0 0
0 0.095581
-0.75 0.009766 1.318604
1 0.000978 -0.000001
0 0 0 0
1 0.095581
-0.75 0.009766 1.279541
1 0.000978 -0.000001
0 0 0 0
1 0.030151
-0.75 2.501953 1.279541
0.000978 1 -0.000001
0 0 0 0
0 0.095581
-0.832275 2.501953 1.279541
0.000978 1 -0.000001
0 0 0 0
1 0.095581
-0.832275 2.501953 1.318604
0.000978 1 -0.000001
0 0 0 0
1 0.030151
-0.75 2.501953 1.318604
0.000978 1 -0.000001
0 0 0 0
0 0.030151
-0.832275 0.009766 1.318604
-1 0.000978 -0.000001
0 0 0 0
0 0.095581
-0.832275 2.501953 1.318604
-1 0.000978 -0.000001
0 0 0 0
1 0.095581
-0.832275 2.501953 1.279541
-1 0.000978 -0.000001
0 0 0 0
1 0.030151
-0.832275 0.009766 1.279541
-1 0.000978 -0.000001
0 0 0 0
0 0.030151
-0.840332 2.58252 1.318604
0.001382 0.001382 0.999998
0 0 0 0
1 0.095581
-0.840332 2.500244 1.318604
0.001382 0.001382 0.999998
0 0 0 0
1 0.030151
0.840332 2.500244 1.318604
0.001382 0.001382 0.999998
0 0 0 0
0 0.030151
0.840332 2.58252 1.318604
0.001382 0.001382 0.999998
0 0 0 0
0 0.095581
-0.840332 2.58252 1.279541
-1 0.000978 -0.000001
0 0 0 0
0 0.095581
-0.840332 2.500244 1.279541
-1 0.000978 -0.000001
0 0 0 0
1 0.095581
-0.840332 2.500244 1.318604
-1 0.000978 -0.000001
0 0 0 0
1 0.030151
-0.840332 2.58252 1.318604
-1 0.000978 -0.000001
0 0 0 0
0 0.030151
0.840332 2.500244 1.318604
-0.000977 -1 -0.000001
0 0 0 0
0 0.095581
-0.840332 2.500244 1.318604
-0.000977 -1 -0.000001
0 0 0 0
1 0.095581
-0.840332 2.500244 1.279541
-0.000977 -1 -0.000001
0 0 0 0
1 0.030151
0.840332 2.500244 1.279541
-0.000977 -1 -0.000001
0 0 0 0
0 0.030151
0.840332 2.500244 1.279541
1 -0.000977 -0.000001
0 0 0 0
0 0.095581
0.840332 2.58252 1.279541
1 -0.000977 -0.000001
0 0 0 0
1 0.095581
0.840332 2.58252 1.318604
1 -0.000977 -0.000001
0 0 0 0
1 0.030151
0.840332 2.500244 1.318604
1 -0.000977 -0.000001
0 0 0 0
0 0.030151
-0.840332 2.58252 1.318604
0.000978 1 -0.000001
0 0 0 0
0 0.095581
0.840332 2.58252 1.318604
0.000978 1 -0.000001
0 0 0 0
1 0.095581
0.840332 2.58252 1.279541
0.000978 1 -0.000001
0 0 0 0
1 0.030151
-0.840332 2.58252 1.279541
0.000978 1 -0.000001
0 0 0 0
0 0.030151
0.285889 3.751221 0.285889
0.001194 0.870489 0.492186
0 0 0 0
0.996948 0.746948
0 3.912842 0
0.001194 0.870489 0.492186
0 0 0 0
0.996948 0.469727
-0.285889 3.751221 0.285889
0.001194 0.870489 0.492186
0 0 0 0
0.719727 0.469727
0.285889 3.751221 -0.285889
0.491606 0.870818 -0.000345
0 0 0 0
0.996948 0.746948
0 3.912842 0
0.491606 0.870818 -0.000345
0 0 0 0
0.996948 0.469727
0.285889 3.751221 0.285889
0.491606 0.870818 -0.000345
0 0 0 0
0.719727 0.469727
-0.285889 3.751221 -0.285889
0.001194 0.870489 -0.492186
0 0 0 0
0.996948 0.746948
0 3.912842 0
0.001194 0.870489 -0.492186
0 0 0 0
0.996948 0.469727
0.285889 3.751221 -0.285889
0.001194 0.870489 -0.492186
0 0 0 0
0.719727 0.469727
-0.285889 3.751221 0.285889
-0.491606 0.870818 -0.000345
0 0 0 0
0.996948 0.746948
0 3.912842 0
-0.491606 0.870818 -0.000345
0 0 0 0
0.996948 0.469727
-0.285889 3.751221 -0.285889
-0.491606 0.870818 -0.000345
0 0 0 0
0.719727 0.469727
0.257324 3.572998 0.257324
0.001172 0.89904 0.437866
0 0 0 0
1 0.093445
0.239258 3.555176 0.293945
0.001172 0.89904 0.437866
0 0 0 0
1 0.033386
0.995605 3.181641 1.059814
0.001172 0.89904 0.437866
0 0 0 0
0 0.033386
1.102783 3.160645 1.102783
0.001028 0.994314 0.106484
0 0 0 0
0 0.093445
0.239258 3.555176 0.293945
0.001172 0.89904 0.437866
0 0 0 0
1 0.093445
0.257324 3.572998 0.257324
0.001172 0.89904 0.437866
0 0 0 0
1 0.033386
-0.257324 3.572998 0.257324
-0.001172 0.89904 0.437866
0 0 0 0
0 0.033386
-0.239258 3.555176 0.293945
-0.001172 0.89904 0.437866
0 0 0 0
0 0.093445
0.293945 3.555176 -0.239258
0.438982 0.898496 -0.000351
0 0 0 0
1 0.093445
0.257324 3.572998 -0.257324
0.438982 0.898496 -0.000351
0 0 0 0
1 0.033386
0.257324 3.572998 0.257324
0.438982 0.898496 0.000351
0 0 0 0
0 0.033386
0.293945 3.555176 0.239258
0.438982 0.898496 0.000351
0 0 0 0
0 0.093445
0.257324 3.572998 0.257324
0.438982 0.898496 0.000351
0 0 0 0
0 0.093445
1.102783 3.160645 1.102783
0.438982 0.898496 0.000351
0 0 0 0
1 0.093445
1.059814 3.181641 0.995605
0.438982 0.898496 0.000351
0 0 0 0
1 0.033386
0.293945 3.555176 0.239258
0.438982 0.898496 0.000351
0 0 0 0
0 0.033386
0.257324 3.572998 -0.257324
0.438982 0.898496 -0.000351
0 0 0 0
0 0.033386
0.293945 3.555176 -0.239258
0.438982 0.898496 -0.000351
0 0 0 0
0 0.093445
1.059814 3.181641 -0.995605
0.438982 0.898496 -0.000351
0 0 0 0
1 0.093445
1.102783 3.160645 -1.102783
0.438982 0.898496 -0.000351
0 0 0 0
1 0.033386
-0.239258 3.555176 -0.293945
-0.001172 0.89904 -0.437866
0 0 0 0
1 0.093445
-0.257324 3.572998 -0.257324
-0.001172 0.89904 -0.437866
0 0 0 0
1 0.033386
0.257324 3.572998 -0.257324
0.001172 0.89904 -0.437866
0 0 0 0
0 0.033386
0.239258 3.555176 -0.293945
0.001172 0.89904 -0.437866
0 0 0 0
0 0.093445
0.257324 3.572998 -0.257324
0.001172 0.89904 -0.437866
0 0 0 0
0 0.093445
1.102783 3.160645 -1.102783
0.001172 0.89904 -0.437866
0 0 0 0
1 0.093445
0.995605 3.181641 -1.059814
0.001172 0.89904 -0.437866
0 0 0 0
1 0.033386
0.239258 3.555176 -0.293945
0.001172 0.89904 -0.437866
0 0 0 0
0 0.033386
-0.257324 3.572998 0.257324
-0.001172 0.89904 0.437866
0 0 0 0
0 0.093445
-1.102783 3.160645 1.102783
-0.001028 0.994314 0.106484
0 0 0 0
1 0.093445
-0.995605 3.181641 1.059814
-0.001172 0.89904 0.437866
0 0 0 0
1 0.033386
-0.239258 3.555176 0.293945
-0.001172 0.89904 0.437866
0 0 0 0
0 0.033386
-1.059814 3.181641 0.995605
-0.438982 0.898496 0.000351
0 0 0 0
0 0.033386
-1.102783 3.160645 1.102783
-0.438982 0.898496 0.000351
0 0 0 0
0 0.093445
-0.257324 3.572998 0.257324
-0.438982 0.898496 0.000351
0 0 0 0
1 0.093445
-0.293945 3.555176 0.239258
-0.438982 0.898496 0.000351
0 0 0 0
1 0.033386
-0.293945 3.555176 0.239258
-0.438982 0.898496 0.000351
0 0 0 0
1 0.093445
-0.257324 3.572998 0.257324
-0.438982 0.898496 0.000351
0 0 0 0
1 0.033386
-0.257324 3.572998 -0.257324
-0.438982 0.898496 -0.000351
0 0 0 0
0 0.033386
-0.293945 3.555176 -0.239258
-0.438982 0.898496 -0.000351
0 0 0 0
0 0.093445
-0.995605 3.181641 -1.059814
-0.001172 0.89904 -0.437866
0 0 0 0
0 0.033386
-1.102783 3.160645 -1.102783
-0.001172 0.89904 -0.437866
0 0 0 0
0 0.093445
-0.257324 3.572998 -0.257324
-0.001172 0.89904 -0.437866
0 0 0 0
1 0.093445
-0.239258 3.555176 -0.293945
-0.001172 0.89904 -0.437866
0 0 0 0
1 0.033386
-1.059814 3.181641 -0.995605
-0.438982 0.898496 -0.000351
0 0 0 0
0 0.093445
-0.293945 3.555176 -0.239258
-0.438982 0.898496 -0.000351
0 0 0 0
1 0.093445
-0.257324 3.572998 -0.257324
-0.438982 0.898496 -0.000351
0 0 0 0
1 0.033386
-1.102783 3.160645 -1.102783
-0.438982 0.898496 -0.000351
0 0 0 0
0 0.033386
0.995605 3.159912 1.049072
0.001347 0.437803 -0.89907
0 0 0 0
1 0.093445
-0.995605 3.159912 1.049072
0.001347 0.437803 -0.89907
0 0 0 0
1 0.033386
-0.995605 3.181641 1.059814
0.001347 0.437803 -0.89907
0 0 0 0
0 0.033386
0.995605 3.181641 1.059814
0.001347 0.437803 -0.89907
0 0 0 0
0 0.093445
0.239258 3.536621 0.284912
-0.747476 -0.290342 0.597479
0 0 0 0
0 0.033386
0.995605 3.159912 1.049072
-0.747476 -0.290342 0.597479
0 0 0 0
0 0.093445
0.995605 3.181641 1.059814
-0.747476 -0.290342 0.597479
0 0 0 0
1 0.093445
0.239258 3.555176 0.293945
-0.747476 -0.290342 0.597479
0 0 0 0
1 0.033386
-0.995605 3.181641 1.059814
-0.001172 0.89904 0.437866
0 0 0 0
1 0.093445
1.102783 3.160645 1.102783
0.001028 0.994314 0.106484
0 0 0 0
0 0.033386
0.995605 3.181641 1.059814
0.001172 0.89904 0.437866
0 0 0 0
0 0.093445
-1.102783 3.160645 1.102783
-0.001028 0.994314 0.106484
0 0 0 0
1 0.033386
-1.122559 3.160645 1.122559
0.000978 1 -0.000001
0 0 0 0
1 0.093445
-1.102783 3.160645 -1.102783
0.000978 1 0.000001
0 0 0 0
0 0.033386
-1.122559 3.160645 -1.122559
0.000978 1 0.000001
0 0 0 0
0 0.093445
1.122559 3.160645 -1.122559
0.000978 1 0.000001
0 0 0 0
1 0.093445
1.102783 3.160645 -1.102783
0.000978 1 0.000001
0 0 0 0
1 0.033386
1.122559 3.160645 1.122559
0.000978 1 -0.000001
0 0 0 0
0 0.093445
-0.239258 3.536621 0.284912
0.001347 -0.437802 0.89907
0 0 0 0
1 0.093445
0.239258 3.536621 0.284912
0.001347 -0.437802 0.89907
0 0 0 0
1 0.033386
0.239258 3.555176 0.293945
0.001347 -0.437802 0.89907
0 0 0 0
0 0.033386
-0.239258 3.555176 0.293945
0.001347 -0.437802 0.89907
0 0 0 0
0 0.093445
-0.995605 3.181641 1.059814
0.747476 -0.290342 0.597479
0 0 0 0
0 0.093445
-0.995605 3.159912 1.049072
0.747476 -0.290342 0.597479
0 0 0 0
1 0.093445
-0.239258 3.536621 0.284912
0.747476 -0.290342 0.597479
0 0 0 0
1 0.033386
-0.239258 3.555176 0.293945
0.747476 -0.290342 0.597479
0 0 0 0
0 0.033386
1.059814 3.181641 0.995605
0.438982 0.898496 0.000351
0 0 0 0
1 0.093445
1.102783 3.160645 -1.102783
0.438982 0.898496 -0.000351
0 0 0 0
0 0.033386
1.059814 3.181641 -0.995605
0.438982 0.898496 -0.000351
0 0 0 0
0 0.093445
1.102783 3.160645 1.102783
0.438982 0.898496 0.000351
0 0 0 0
1 0.033386
1.049072 3.159912 -0.995605
-0.898496 0.438982 0.000351
0 0 0 0
1 0.093445
1.059814 3.181641 0.995605
-0.898496 0.438982 0.000351
0 0 0 0
0 0.033386
1.059814 3.181641 -0.995605
-0.898496 0.438982 0.000351
0 0 0 0
0 0.093445
1.049072 3.159912 0.995605
-0.898496 0.438982 0.000351
0 0 0 0
1 0.033386
1.059814 3.181641 -0.995605
0.595888 -0.290835 0.748554
0 0 0 0
0 0.093445
0.293945 3.555176 -0.239258
0.595888 -0.290835 0.748554
0 0 0 0
1 0.093445
0.284912 3.536621 -0.239258
0.595888 -0.290835 0.748554
0 0 0 0
1 0.033386
1.049072 3.159912 -0.995605
0.595888 -0.290835 0.748554
0 0 0 0
0 0.033386
0.284912 3.536621 0.239258
0.898496 -0.438982 0.000351
0 0 0 0
1 0.093445
0.284912 3.536621 -0.239258
0.898496 -0.438982 0.000351
0 0 0 0
1 0.033386
0.293945 3.555176 -0.239258
0.898496 -0.438982 0.000351
0 0 0 0
0 0.033386
0.293945 3.555176 0.239258
0.898496 -0.438982 0.000351
0 0 0 0
0 0.093445
1.059814 3.181641 0.995605
0.595888 -0.290835 -0.748554
0 0 0 0
0 0.033386
1.049072 3.159912 0.995605
0.595888 -0.290835 -0.748554
0 0 0 0
0 0.093445
0.284912 3.536621 0.239258
0.595888 -0.290835 -0.748554
0 0 0 0
1 0.093445
0.293945 3.555176 0.239258
0.595888 -0.290835 -0.748554
0 0 0 0
1 0.033386
0.995605 3.181641 -1.059814
0.001172 0.89904 -0.437866
0 0 0 0
1 0.093445
-1.102783 3.160645 -1.102783
-0.001172 0.89904 -0.437866
0 0 0 0
0 0.033386
-0.995605 3.181641 -1.059814
-0.001172 0.89904 -0.437866
0 0 0 0
0 0.093445
1.102783 3.160645 -1.102783
0.001172 0.89904 -0.437866
0 0 0 0
1 0.033386
-0.995605 3.159912 -1.049072
0.001347 0.437803 0.89907
0 0 0 0
1 0.093445
0.995605 3.181641 -1.059814
0.001347 0.437803 0.89907
0 0 0 0
0 0.033386
-0.995605 3.181641 -1.059814
0.001347 0.437803 0.89907
0 0 0 0
0 0.093445
0.995605 3.159912 -1.049072
0.001347 0.437803 0.89907
0 0 0 0
1 0.033386
-0.995605 3.181641 -1.059814
0.747476 -0.290342 -0.597479
0 0 0 0
0 0.033386
-0.239258 3.555176 -0.293945
0.747476 -0.290342 -0.597479
0 0 0 0
0 0.093445
-0.239258 3.536621 -0.284912
0.747476 -0.290342 -0.597479
0 0 0 0
1 0.093445
-0.995605 3.159912 -1.049072
0.747476 -0.290342 -0.597479
0 0 0 0
1 0.033386
0.239258 3.536621 -0.284912
0.001347 -0.437802 -0.89907
0 0 0 0
1 0.093445
-0.239258 3.536621 -0.284912
0.001347 -0.437802 -0.89907
0 0 0 0
1 0.033386
-0.239258 3.555176 -0.293945
0.001347 -0.437802 -0.89907
0 0 0 0
0 0.033386
0.239258 3.555176 -0.293945
0.001347 -0.437802 -0.89907
0 0 0 0
0 0.093445
0.239258 3.536621 -0.284912
-0.747476 -0.290342 -0.597479
0 0 0 0
0 0.033386
0.239258 3.555176 -0.293945
-0.747476 -0.290342 -0.597479
0 0 0 0
0 0.093445
0.995605 3.181641 -1.059814
-0.747476 -0.290342 -0.597479
0 0 0 0
1 0.093445
0.995605 3.159912 -1.049072
-0.747476 -0.290342 -0.597479
0 0 0 0
1 0.033386
-1.059814 3.181641 -0.995605
-0.438982 0.898496 -0.000351
0 0 0 0
1 0.093445
-1.102783 3.160645 1.102783
-0.438982 0.898496 0.000351
0 0 0 0
0 0.033386
-1.059814 3.181641 0.995605
-0.438982 0.898496 0.000351
0 0 0 0
0 0.093445
-1.102783 3.160645 -1.102783
-0.438982 0.898496 -0.000351
0 0 0 0
1 0.033386
-1.049072 3.159912 0.995605
0.898496 0.438982 0.000351
0 0 0 0
1 0.093445
-1.059814 3.181641 -0.995605
0.898496 0.438982 0.000351
0 0 0 0
0 0.033386
-1.059814 3.181641 0.995605
0.898496 0.438982 0.000351
0 0 0 0
0 0.093445
-1.049072 3.159912 -0.995605
0.898496 0.438982 0.000351
0 0 0 0
1 0.033386
-1.059814 3.181641 0.995605
-0.595888 -0.290835 -0.748554
0 0 0 0
0 0.033386
-0.293945 3.555176 0.239258
-0.595888 -0.290835 -0.748554
0 0 0 0
0 0.093445
-0.284912 3.536621 0.239258
-0.595888 -0.290835 -0.748554
0 0 0 0
1 0.093445
-1.049072 3.159912 0.995605
-0.595888 -0.290835 -0.748554
0 0 0 0
1 0.033386
-0.284912 3.536621 -0.239258
-0.898496 -0.438982 0.000351
0 0 0 0
1 0.093445
-0.284912 3.536621 0.239258
-0.898496 -0.438982 0.000351
0 0 0 0
1 0.033386
-0.293945 3.555176 0.239258
-0.898496 -0.438982 0.000351
0 0 0 0
0 0.033386
-0.293945 3.555176 -0.239258
-0.898496 -0.438982 0.000351
0 0 0 0
0 0.093445
-1.059814 3.181641 -0.995605
-0.595888 -0.290835 0.748554
0 0 0 0
0 0.033386
-1.049072 3.159912 -0.995605
-0.595888 -0.290835 0.748554
0 0 0 0
0 0.093445
-0.284912 3.536621 -0.239258
-0.595888 -0.290835 0.748554
0 0 0 0
1 0.093445
-0.293945 3.555176 -0.239258
-0.595888 -0.290835 0.748554
0 0 0 0
1 0.033386
1.122559 3.160645 1.122559
0.000978 1 -0.000001
0 0 0 0
1 0.093445
1.102783 3.160645 1.102783
0.001028 0.994314 0.106484
0 0 0 0
1 0.033386
-1.102783 3.160645 1.102783
-0.001028 0.994314 0.106484
0 0 0 0
0 0.033386
-1.122559 3.160645 1.122559
0.000978 1 -0.000001
0 0 0 0
0 0.093445
1.122559 3.080811 1.122559
0.001382 0.001382 0.999998
0 0 0 0
1 0.093445
1.122559 3.160645 1.122559
0.001382 0.001382 0.999998
0 0 0 0
1 0.033386
-1.122559 3.160645 1.122559
0.001382 0.001382 0.999998
0 0 0 0
0 0.033386
-1.122559 3.080811 1.122559
0.001382 0.001382 0.999998
0 0 0 0
0 0.093445
-1.122559 3.080811 1.122559
-1 0.000978 -0.000001
0 0 0 0
1 0.093445
-1.122559 3.160645 1.122559
-1 0.000978 -0.000001
0 0 0 0
1 0.033386
-1.122559 3.160645 -1.122559
-1 0.000978 -0.000001
0 0 0 0
0 0.033386
-1.122559 3.080811 -1.122559
-1 0.000978 -0.000001
0 0 0 0
0 0.093445
-1.122559 3.160645 -1.122559
0.000978 1 0.000001
0 0 0 0
1 0.093445
-1.102783 3.160645 -1.102783
0.000978 1 0.000001
0 0 0 0
1 0.033386
1.102783 3.160645 -1.102783
0.000978 1 0.000001
0 0 0 0
0 0.033386
1.122559 3.160645 -1.122559
0.000978 1 0.000001
0 0 0 0
0 0.093445
-1.122559 3.080811 -1.122559
0.001382 0.001382 -0.999998
0 0 0 0
1 0.093445
-1.122559 3.160645 -1.122559
0.001382 0.001382 -0.999998
0 0 0 0
1 0.033386
1.122559 3.160645 -1.122559
0.001382 0.001382 -0.999998
0 0 0 0
0 0.033386
1.122559 3.080811 -1.122559
0.001382 0.001382 -0.999998
0 0 0 0
0 0.093445
1.122559 3.080811 -1.122559
1 0.000978 -0.000001
0 0 0 0
1 0.093445
1.122559 3.160645 -1.122559
1 0.000978 -0.000001
0 0 0 0
1 0.033386
1.122559 3.160645 1.122559
1 0.000978 -0.000001
0 0 0 0
0 0.033386
1.122559 3.080811 1.122559
1 0.000978 -0.000001
0 0 0 0
0 0.093445
1.122559 3.080811 1.122559
0.000978 -1 0.000001
0 0 0 0
1 0.093445
-1.122559 3.080811 1.122559
0.000978 -1 0.000001
0 0 0 0
1 0.033386
-1.079346 3.080811 1.079346
0.000978 -1 0.000001
0 0 0 0
0 0.033386
1.079346 3.080811 1.079346
0.000978 -1 0.000001
0 0 0 0
0 0.093445
1.122559 3.080811 -1.122559
0.000978 -1 -0.000001
0 0 0 0
1 0.093445
1.122559 3.080811 1.122559
0.000978 -1 0.000001
0 0 0 0
1 0.033386
1.079346 3.080811 1.079346
0.000978 -1 0.000001
0 0 0 0
0 0.033386
1.079346 3.080811 -1.079346
0.000978 -1 -0.000001
0 0 0 0
0 0.093445
-1.122559 3.080811 -1.122559
0.000978 -1 -0.000001
0 0 0 0
1 0.093445
1.122559 3.080811 -1.122559
0.000978 -1 -0.000001
0 0 0 0
1 0.033386
1.079346 3.080811 -1.079346
0.000978 -1 -0.000001
0 0 0 0
0 0.033386
-1.079346 3.080811 -1.079346
0.000978 -1 -0.000001
0 0 0 0
0 0.093445
-1.122559 3.080811 1.122559
0.000978 -1 0.000001
0 0 0 0
1 0.093445
-1.122559 3.080811 -1.122559
0.000978 -1 -0.000001
0 0 0 0
1 0.033386
-1.079346 3.080811 -1.079346
0.000978 -1 -0.000001
0 0 0 0
0 0.033386
-1.079346 3.080811 1.079346
0.000978 -1 0.000001
0 0 0 0
0 0.093445
0.285889 3.751221 0.285889
0.065574 -0.995721 0.065106
0 0 0 0
0.991089 0.98999
-0.285889 3.751221 0.285889
-0.065574 -0.995721 0.065106
0 0 0 0
0.893982 0.990051
-0.257324 3.747314 0.257324
-0.065574 -0.995721 0.065106
0 0 0 0
0.899109 0.99585
0.257324 3.747314 0.257324
0.065574 -0.995721 0.065106
0 0 0 0
0.98584 0.99585
0.285889 3.751221 -0.285889
0.065574 -0.995721 -0.065106
0 0 0 0
0.99115 0.895569
0.285889 3.751221 0.285889
0.065574 -0.995721 0.065106
0 0 0 0
0.991089 0.98999
0.257324 3.747314 0.257324
0.065574 -0.995721 0.065106
0 0 0 0
0.996521 0.985474
0.257324 3.747314 -0.257324
0.065574 -0.995721 -0.065106
0 0 0 0
0.996521 0.900269
-0.285889 3.751221 -0.285889
-0.065574 -0.995721 -0.065106
0 0 0 0
0.893982 0.895569
0.285889 3.751221 -0.285889
0.065574 -0.995721 -0.065106
0 0 0 0
0.99115 0.895569
0.257324 3.747314 -0.257324
0.065574 -0.995721 -0.065106
0 0 0 0
0.986328 0.89093
-0.257324 3.747314 -0.257324
-0.065574 -0.995721 -0.065106
0 0 0 0
0.898865 0.89093
-0.285889 3.751221 0.285889
-0.065574 -0.995721 0.065106
0 0 0 0
0.893982 0.990051
-0.285889 3.751221 -0.285889
-0.065574 -0.995721 -0.065106
0 0 0 0
0.893982 0.895569
-0.257324 3.747314 -0.257324
-0.065574 -0.995721 -0.065106
0 0 0 0
0.886902 0.900513
-0.257324 3.747314 0.257324
-0.065574 -0.995721 0.065106
0 0 0 0
0.886902 0.985046
226
2 1 0
3 2 0
6 5 4
7 6 4
10 9 8
11 10 8
14 13 12
15 14 12
18 17 16
19 18 16
22 21 20
23 22 20
26 25 24
27 26 24
30 29 28
31 30 28
34 33 32
35 34 32
38 37 36
39 38 36
42 41 40
43 42 40
46 45 44
47 46 44
50 49 48
51 50 48
54 53 52
55 54 52
58 57 56
59 58 56
62 61 60
63 62 60
66 65 64
67 66 64
70 69 68
71 70 68
74 73 72
75 74 72
78 77 76
79 78 76
82 81 80
83 82 80
86 85 84
87 86 84
90 89 88
91 90 88
94 93 92
95 94 92
98 97 96
99 98 96
102 101 100
103 102 100
106 105 104
107 106 104
110 109 108
111 110 108
114 113 112
115 114 112
118 117 116
117 119 116
122 121 120
123 122 120
126 125 124
127 126 124
130 129 128
129 131 128
134 133 132
135 134 132
138 137 136
139 138 136
142 141 140
143 142 140
146 145 144
147 146 144
150 149 148
151 150 148
154 153 152
155 154 152
158 157 156
159 158 156
162 161 160
163 162 160
166 165 164
167 166 164
170 169 168
171 170 168
174 173 172
175 174 172
178 177 176
179 178 176
182 181 180
183 182 180
186 185 184
187 186 184
190 189 188
191 190 188
194 193 192
195 194 192
198 197 196
199 198 196
202 201 200
203 202 200
206 205 204
207 206 204
210 209 208
211 210 208
214 213 212
215 214 212
218 217 216
219 218 216
222 221 220
223 222 220
226 225 224
227 226 224
230 229 228
231 230 228
234 233 232
235 234 232
238 237 236
239 238 236
242 241 240
243 242 240
246 245 244
247 246 244
250 249 248
251 250 248
254 253 252
257 256 255
260 259 258
263 262 261
266 265 264
267 266 264
270 269 268
271 270 268
274 273 272
275 274 272
278 277 276
279 278 276
282 281 280
283 282 280
286 285 284
287 286 284
290 289 288
291 290 288
294 293 292
295 294 292
298 297 296
299 298 296
302 301 300
303 302 300
306 305 304
307 306 304
310 309 308
311 310 308
314 313 312
315 314 312
318 317 316
319 318 316
322 321 320
321 323 320
325 323 324
326 325 324
321 328 327
329 321 327
332 331 330
333 332 330
336 335 334
337 336 334
340 339 338
339 341 338
344 343 342
343 345 342
348 347 346
349 348 346
352 351 350
353 352 350
356 355 354
357 356 354
360 359 358
359 361 358
364 363 362
363 365 362
368 367 366
369 368 366
372 371 370
373 372 370
376 375 374
377 376 374
380 379 378
379 381 378
384 383 382
383 385 382
388 387 386
389 388 386
392 391 390
393 392 390
396 395 394
397 396 394
400 399 398
401 400 398
404 403 402
405 404 402
408 407 406
409 408 406
412 411 410
413 412 410
416 415 414
417 416 414
420 419 418
421 420 418
424 423 422
425 424 422
428 427 426
429 428 426
432 431 430
433 432 430
436 435 434
437 436 434
440 439 438
441 440 438
444 443 442
445 444 442
448 447 446
449 448 446
452 451 450
453 452 450
sm01_environment\outsourcing\glassegg\manmade\os_restauranttable_01\gh_glass_03_dirty.material
1
0
24
0 3.159912 1.049072
0.001173 0.897608 0.440793
0 0 0 0
0.36676 0.000427
-0.239258 3.536621 0.284912
0.001173 0.897608 0.440793
0 0 0 0
0.526733 0.547485
-0.995605 3.159912 1.049072
0.001173 0.897608 0.440793
0 0 0 0
1.032471 0.000427
0 3.536621 0.284912
0.001173 0.897608 0.440793
0 0 0 0
0.36676 0.547485
0.239258 3.536621 0.284912
0.001173 0.897608 0.440793
0 0 0 0
0.206787 0.547485
0.995605 3.159912 1.049072
0.001173 0.897608 0.440793
0 0 0 0
-0.298889 0.000427
1.049072 3.159912 0
0.442906 0.896568 0.000412
0 0 0 0
1.174438 -0.378723
0.284912 3.536621 0.239258
0.442906 0.896568 0.000412
0 0 0 0
0.630737 -0.21637
1.049072 3.159912 0.995605
0.442906 0.896568 0.000412
0 0 0 0
1.174438 0.296997
0.284912 3.536621 0
0.442906 0.896568 0.000412
0 0 0 0
0.630737 -0.378723
0.284912 3.536621 -0.239258
0.442906 0.896568 0.000412
0 0 0 0
0.630737 -0.541138
1.049072 3.159912 -0.995605
0.442906 0.896568 0.000412
0 0 0 0
1.174438 -1.054504
0 3.159912 -1.049072
0.001173 0.897608 -0.440793
0 0 0 0
0.367737 -0.000366
0.239258 3.536621 -0.284912
0.001173 0.897608 -0.440793
0 0 0 0
0.529053 0.543762
0.995605 3.159912 -1.049072
0.001173 0.897608 -0.440793
0 0 0 0
1.039062 -0.000366
0 3.536621 -0.284912
0.001173 0.897608 -0.440793
0 0 0 0
0.367737 0.543762
-0.239258 3.536621 -0.284912
0.001173 0.897608 -0.440793
0 0 0 0
0.20636 0.543762
-0.995605 3.159912 -1.049072
0.001173 0.897608 -0.440793
0 0 0 0
-0.30365 -0.000366
-0.284912 3.536621 -0.239258
-0.442906 0.896568 0.000412
0 0 0 0
0.628418 -0.21759
-1.049072 3.159912 -0.995605
-0.442906 0.896568 0.000412
0 0 0 0
1.174377 0.294678
-1.049072 3.159912 0
-0.442906 0.896568 0.000412
0 0 0 0
1.174377 -0.379578
-0.284912 3.536621 0
-0.442906 0.896568 0.000412
0 0 0 0
0.628418 -0.379578
-0.284912 3.536621 0.239258
-0.442906 0.896568 0.000412
0 0 0 0
0.628418 -0.541626
-1.049072 3.159912 0.995605
-0.442906 0.896568 0.000412
0 0 0 0
1.174377 -1.053894
16
2 1 0
1 3 0
3 4 0
4 5 0
8 7 6
7 9 6
6 9 10
11 6 10
14 13 12
13 15 12
12 15 16
17 12 16
20 19 18
21 20 18
20 21 22
23 20 22
sm02_material\environment\template\architecture\gbl_arch_concrete_trim_01\jn_gbl_arch_concrete_trim_01_white.material
1
0
308
0.748535 0 1.302979
-0.025977 0.291221 0.956303
0 0 0 0
0.001526 0.217224
1.320068 0 1.32251
-0.025977 0.291221 0.956303
0 0 0 0
1 0.217224
1.273926 0.107422 1.283691
-0.025977 0.291221 0.956303
0 0 0 0
1 0.095276
0.75415 0.10498 1.275635
-0.025977 0.291221 0.956303
0 0 0 0
0.001526 0.095276
0.74292 0 1.171631
-0.996928 0.039392 0.067689
0 0 0 0
0.704163 0.528748
0.748535 0 1.302979
-0.996928 0.039392 0.067689
0 0 0 0
0.700867 0.528809
0.75415 0.10498 1.275635
-0.996527 0.023364 0.07992
0 0 0 0
0.700012 0.518066
0.74292 0.095215 1.165283
-0.996928 0.039392 0.067689
0 0 0 0
0.706909 0.515381
0.74292 0.095215 1.165283
-0.994735 0.098184 0.029353
0 0 0 0
0.706909 0.515381
0.753418 0.171387 1.274658
-1 0.000978 0.000001
0 0 0 0
0.700134 0.50946
0.75415 0.171143 1.165283
-0.999996 0.002933 0.000009
0 0 0 0
0.710449 0.508057
1.272217 0.17334 1.281006
0.015206 0.01797 0.999723
0 0 0 0
1 0.001526
0.753418 0.171387 1.274658
0.01797 0.012441 0.999761
0 0 0 0
0.001526 0.001526
0.75415 0.10498 1.275635
-0.015205 0.029027 0.999463
0 0 0 0
0.001648 0.029724
1.273926 0.107422 1.283691
-0.015205 0.029027 0.999463
0 0 0 0
1 0.029724
0 0 1.171631
-0.001382 0.0677 0.997705
0 0 0 0
0.348938 0.092224
0.74292 0 1.171631
-0.001382 0.0677 0.997705
0 0 0 0
0.999939 0.092224
0.74292 0.095215 1.165283
-0.001382 0.0677 0.997705
0 0 0 0
1.000061 0.032776
0 0.096436 1.165039
-0.001382 0.0677 0.997705
0 0 0 0
0.348999 0.032776
-0.74585 0.095215 1.165283
0.001382 0.0677 0.997705
0 0 0 0
0.001587 0.032776
-0.74585 0 1.171631
0.001382 0.0677 0.997705
0 0 0 0
0.001526 0.092224
1.273926 0.107422 1.283691
0.927048 0.374931 0.002896
0 0 0 0
0.001526 0.001526
1.320068 0 1.32251
0.927048 0.374931 0.002896
0 0 0 0
0.001526 0.029724
1.318604 0 0.009521
0.934099 0.357012 0.001222
0 0 0 0
0.408569 0.029724
1.279297 0.103027 -0.001709
0.934997 0.354654 -0.001041
0 0 0 0
0.408569 0.001526
1.284912 0.098389 -1.287354
0.942028 0.33553 0.001444
0 0 0 0
1 0.001526
1.317139 0 -1.303223
0.942028 0.33553 0.001444
0 0 0 0
1 0.029724
1.279297 0.103027 -0.001709
0.997965 0.063658 0.003768
0 0 0 0
0.611023 0.029724
1.272217 0.17334 1.281006
0.999996 0.002933 -0.000009
0 0 0 0
0.001526 0.001526
1.273926 0.107422 1.283691
0.998941 0.045985 0.001795
0 0 0 0
0.002625 0.029724
1.274902 0.174316 0.000488
0.999988 0.004888 -0.000024
0 0 0 0
0.607483 0.001526
1.277588 0.175537 -1.280273
0.999988 0.004888 -0.000024
0 0 0 0
1 0.001526
1.284912 0.098389 -1.287354
0.996854 0.07924 0.001535
0 0 0 0
1 0.029724
1.134521 0.172607 1.143311
-0.078736 0.004144 -0.996887
0 0 0 0
0.699219 0.566772
0.753906 2.495117 1.180664
-0.078736 0.004144 -0.996887
0 0 0 0
0.638428 0.203369
1.13623 2.495361 1.142334
-0.078736 0.004144 -0.996887
0 0 0 0
0.702759 0.203674
0.75415 0.171143 1.165283
-0.078736 0.004144 -0.996887
0 0 0 0
0.638489 0.5047
1.134521 0.172607 1.143311
-1 0.000978 0.000001
0 0 0 0
0.001526 0.904724
1.13623 2.495361 1.142334
-1 -0.000977 0.000001
0 0 0 0
1 0.904724
1.13623 2.495361 -1.166504
-1 -0.000977 0.000001
0 0 0 0
1 0.470276
1.138428 0.171387 -1.16626
-1 0.000978 0.000001
0 0 0 0
0.001526 0.470276
1.13623 2.495361 -1.166504
0.000978 -1 -0.000001
0 0 0 0
0.948181 -0.460571
0 2.495361 1.14209
-0.000977 -1 -0.000001
0 0 0 0
0.826172 -0.242615
0 2.495361 -1.166504
0.000978 -1 -0.000001
0 0 0 0
0.826172 -0.460571
1.13623 2.495361 1.142334
-0.000977 -1 -0.000001
0 0 0 0
0.948181 -0.242615
0.753906 2.495117 1.180664
-0.005 -0.998913 0.046347
0 0 0 0
0.907349 -0.239014
0 2.5 1.174805
-0.001 -0.998924 0.046369
0 0 0 0
0.826416 -0.239563
0.753418 0.171387 1.274658
-1 0.000978 0.000001
0 0 0 0
0.001526 0.092224
0.75415 2.499512 1.275879
-1 0.000978 0.000001
0 0 0 0
1 0.092224
0.753906 2.495117 1.180664
-1 0.000978 0.000001
0 0 0 0
1 0.032776
0.75415 0.171143 1.165283
-0.999996 0.002933 0.000009
0 0 0 0
0.001526 0.032776
0 2.504395 1.275391
-0.000998 -0.999094 0.042547
0 0 0 0
0.792847 0.208069
0 2.5 1.174805
-0.001 -0.998924 0.046369
0 0 0 0
0.792419 0.216431
0.753906 2.495117 1.180664
-0.005 -0.998913 0.046347
0 0 0 0
0.71051 0.216248
0.75415 2.499512 1.275879
-0.006986 -0.999072 0.042501
0 0 0 0
0.700012 0.207764
1.13623 2.495361 -1.166504
-0.001382 0.001382 0.999998
0 0 0 0
0.317993 -0.37793
0 2.495361 -1.166504
-0.001382 0.001382 0.999998
0 0 0 0
0.431396 -0.37793
0 0.171387 -1.16626
-0.001382 0.001382 0.999998
0 0 0 0
0.438293 -0.176025
1.138428 0.171387 -1.16626
-0.001382 0.001382 0.999998
0 0 0 0
0.317749 -0.176025
1.133545 0.105469 -1.161621
0.001382 0.07046 0.997514
0 0 0 0
0.318237 -0.170349
0 0.105469 -1.161377
0.001382 0.07046 0.997514
0 0 0 0
0.438477 -0.170349
1.138428 0.171387 -1.16626
-1 0.000978 0.000001
0 0 0 0
0.948853 0.752747
1.133545 0.105469 -1.161621
-0.99822 0.059639 -0.000351
0 0 0 0
0.948364 0.758789
1.131592 0.106689 1.133301
-0.99822 0.059639 -0.000351
0 0 0 0
0.707581 0.758667
1.134521 0.172607 1.143311
-1 0.000978 0.000001
0 0 0 0
0.699219 0.566772
1.131592 0.094971 1.165283
-0.998861 0.044372 0.01752
0 0 0 0
0.664734 0.50824
0 0.105469 -1.161377
-0.000977 1 0.000001
0 0 0 0
0.000244 0.692749
1.131592 0.106689 1.133301
-0.000979 0.999992 0.003905
0 0 0 0
0.999756 0.490112
1.133545 0.105469 -1.161621
-0.000977 1 0.000001
0 0 0 0
0.000183 0.489746
0 0.106445 1.134033
-0.000979 0.999992 0.003905
0 0 0 0
1.000183 0.692749
-1.134521 0.106689 1.133301
0.000979 0.999992 0.003905
0 0 0 0
0.999756 0.895935
-1.136719 0.105469 -1.161621
0.000978 1 0.000001
0 0 0 0
0.000183 0.896301
0 2.700928 1.112549
0.001382 0.020735 0.999784
0 0 0 0
0.502319 0.467224
1.10376 2.701416 1.107666
0.004147 0.020735 0.999776
0 0 0 0
1 0.467224
1.095459 3.080322 1.099121
0.004147 0.020735 0.999776
0 0 0 0
1 0.220276
0 3.080322 1.104492
0.001382 0.020735 0.999784
0 0 0 0
0.50238 0.220276
-1.098389 3.080322 1.099121
-0.004147 0.020735 0.999776
0 0 0 0
0.004944 0.220276
-1.106689 2.701416 1.107666
-0.004147 0.020735 0.999776
0 0 0 0
0.001526 0.467224
1.10498 2.701416 0.000488
0.999701 0.024431 -0.000597
0 0 0 0
0.50177 0.467224
1.095459 3.080322 1.099121
0.999747 0.022477 -0.000506
0 0 0 0
1 0.220276
1.10376 2.701416 1.107666
0.999747 0.022477 -0.000506
0 0 0 0
1 0.467224
1.095947 3.080322 0.000488
0.999701 0.024431 -0.000597
0 0 0 0
0.50177 0.220276
1.09668 3.080322 -1.098145
0.999701 0.024431 -0.000597
0 0 0 0
0.001526 0.220276
1.106445 2.701416 -1.106689
0.999701 0.024431 -0.000597
0 0 0 0
0.001526 0.467224
1.269287 2.684082 -0.004639
0.106568 0.994305 -0.000343
0 0 0 0
0.500732 0.217224
1.10376 2.701416 1.107666
0.100763 0.994909 -0.001558
0 0 0 0
0.001526 0.095276
1.268066 2.685791 1.251465
0.100763 0.994909 -0.001558
0 0 0 0
0.001526 0.217224
1.10498 2.701416 0.000488
0.104634 0.994511 -0.000756
0 0 0 0
0.500732 0.095276
1.106445 2.701416 -1.106689
0.110432 0.993884 0.000506
0 0 0 0
1 0.095276
1.270508 2.682129 -1.260498
0.110432 0.993884 0.000506
0 0 0 0
1 0.217224
0 2.688721 1.272461
0.001021 0.995792 0.091639
0 0 0 0
0.500732 0.095276
1.268066 2.685791 1.251465
0.001021 0.995792 0.091639
0 0 0 0
0.001526 0.095276
1.10376 2.701416 1.107666
0.001021 0.995792 0.091639
0 0 0 0
0.001526 0.217224
0 2.700928 1.112549
0.001021 0.995792 0.091639
0 0 0 0
0.500732 0.217224
-1.106689 2.701416 1.107666
-0.001021 0.995792 0.091639
0 0 0 0
1 0.217224
-1.270996 2.685791 1.251465
-0.001021 0.995792 0.091639
0 0 0 0
1 0.095276
1.131592 0.106689 1.133301
-0.000979 0.999992 0.003905
0 0 0 0
0.706238 -0.241455
0.74292 0.095215 1.165283
0.001128 0.943778 0.330578
0 0 0 0
0.752075 -0.238403
1.131592 0.094971 1.165283
0.001128 0.943778 0.330578
0 0 0 0
0.743774 -0.238403
0 0.096436 1.165039
0.001128 0.943778 0.330578
0 0 0 0
0.827515 -0.238464
0 0.106445 1.134033
-0.000979 0.999992 0.003905
0 0 0 0
0.827209 -0.241333
1.131592 0.094971 1.165283
-0.028957 -0.139269 -0.989831
0 0 0 0
0.664734 0.50824
0.74292 0.095215 1.165283
-0.028957 -0.139269 -0.989831
0 0 0 0
0.638184 0.510559
0.75415 0.171143 1.165283
-0.028957 -0.139269 -0.989831
0 0 0 0
0.638489 0.5047
1.131592 0.094971 1.165283
-0.028957 -0.139269 -0.989831
0 0 0 0
0.664734 0.50824
0.75415 0.171143 1.165283
-0.028957 -0.139269 -0.989831
0 0 0 0
0.638489 0.5047
1.134521 0.172607 1.143311
-0.028957 -0.139269 -0.989831
0 0 0 0
0.699219 0.566772
1.277588 0.175537 -1.280273
0.006912 0.009677 -0.999929
0 0 0 0
0.280457 0.527344
0 0.102539 -1.290771
0.001381 0.084253 -0.996443
0 0 0 0
0.118652 0.537476
0 0.173096 -1.285645
0.001382 0.009677 -0.999952
0 0 0 0
0.11853 0.527832
1.284912 0.098389 -1.287354
0.004144 0.084252 -0.996436
0 0 0 0
0.281311 0.537903
1.270508 2.682129 -1.260498
0.006912 0.006912 -0.999952
0 0 0 0
0.001526 0.904724
1.277588 0.175537 -1.280273
0.006912 0.009677 -0.999929
0 0 0 0
1 0.904724
0 0.173096 -1.285645
0.001382 0.009677 -0.999952
0 0 0 0
1 0.490662
0 2.686035 -1.269775
0.001382 0.006912 -0.999975
0 0 0 0
0.001526 0.490662
0 0.102539 -1.290771
0.001381 0.084253 -0.996443
0 0 0 0
0.118652 0.537476
-1.280762 0.175537 -1.280273
-0.006912 0.009677 -0.999929
0 0 0 0
0.280457 0.527344
0 0.173096 -1.285645
0.001382 0.009677 -0.999952
0 0 0 0
0.11853 0.527832
-1.287842 0.098389 -1.287354
-0.004144 0.084252 -0.996436
0 0 0 0
0.281311 0.537903
0 0.173096 -1.285645
0.001382 0.009677 -0.999952
0 0 0 0
0.001526 0.490662
-1.280762 0.175537 -1.280273
-0.006912 0.009677 -0.999929
0 0 0 0
0.001526 0.904724
-1.273682 2.682129 -1.260498
-0.006912 0.006912 -0.999952
0 0 0 0
1 0.904724
0 2.686035 -1.269775
0.001382 0.006912 -0.999975
0 0 0 0
1 0.490662
1.106445 2.701416 -1.106689
0.00309 0.993908 -0.110169
0 0 0 0
1 0.217224
1.270508 2.682129 -1.260498
0.00309 0.993908 -0.110169
0 0 0 0
1 0.095276
0 2.686035 -1.269775
0.00103 0.993912 -0.110177
0 0 0 0
0.500732 0.095276
0 2.701904 -1.111328
0.00103 0.993912 -0.110177
0 0 0 0
0.500732 0.217224
-1.109375 2.701416 -1.106689
-0.00309 0.993908 -0.110169
0 0 0 0
0.001526 0.217224
-1.273682 2.682129 -1.260498
-0.00309 0.993908 -0.110169
0 0 0 0
0.001526 0.095276
0 2.701904 -1.111328
0.001382 0.0235 -0.999723
0 0 0 0
0.022705 0.467224
0 3.080322 -1.102539
0.001382 0.0235 -0.999723
0 0 0 0
0.022705 0.220276
1.09668 3.080322 -1.098145
0.004147 0.023499 -0.999715
0 0 0 0
0.50177 0.220276
1.106445 2.701416 -1.106689
0.004147 0.023499 -0.999715
0 0 0 0
0.50177 0.467224
0 2.701904 -1.111328
0.001382 0.0235 -0.999723
0 0 0 0
0.022705 0.467224
-1.109375 2.701416 -1.106689
-0.004147 0.023499 -0.999715
0 0 0 0
0.50177 0.467224
-1.099854 3.080322 -1.098145
-0.004147 0.023499 -0.999715
0 0 0 0
0.50177 0.220276
0 3.080322 -1.102539
0.001382 0.0235 -0.999723
0 0 0 0
0.022705 0.220276
-1.273682 2.682129 -1.260498
-0.999988 0.002938 0.003898
0 0 0 0
1 0.901428
-1.280762 0.175537 -1.280273
-0.999988 0.002938 0.003898
0 0 0 0
0.001526 0.901428
-1.275879 0.174316 0.000488
-0.999992 0.000979 0.003905
0 0 0 0
0.001526 0.6875
-1.272949 2.684082 -0.004639
-0.999992 0.000979 0.003905
0 0 0 0
1 0.6875
-1.270996 2.685791 1.251465
-1 0.000978 -0.000001
0 0 0 0
1 0.473572
-1.273193 0.17334 1.281006
-1 0.000978 -0.000001
0 0 0 0
0.001526 0.473572
-1.109375 2.701416 -1.106689
-0.110431 0.993884 0.000506
0 0 0 0
1 0.217224
-1.273682 2.682129 -1.260498
-0.110431 0.993884 0.000506
0 0 0 0
1 0.095276
-1.272949 2.684082 -0.004639
-0.106568 0.994305 -0.000343
0 0 0 0
0.500732 0.095276
-1.108154 2.701416 0.000488
-0.104634 0.994511 -0.000756
0 0 0 0
0.500732 0.217224
-1.106689 2.701416 1.107666
-0.100763 0.994909 -0.001558
0 0 0 0
0.001526 0.217224
-1.270996 2.685791 1.251465
-0.100763 0.994909 -0.001558
0 0 0 0
0.001526 0.095276
0 0 -1.306885
0.001378 0.158475 -0.987362
0 0 0 0
0.119446 0.550171
0 0.102539 -1.290771
0.001378 0.158475 -0.987362
0 0 0 0
0.118652 0.537476
1.284912 0.098389 -1.287354
0.004134 0.158475 -0.987354
0 0 0 0
0.281311 0.537903
1.317139 0 -1.303223
0.004134 0.158475 -0.987354
0 0 0 0
0.284302 0.55011
-1.287842 0.098389 -1.287354
-0.004134 0.158475 -0.987354
0 0 0 0
0.281311 0.537903
0 0.102539 -1.290771
0.001378 0.158475 -0.987362
0 0 0 0
0.118652 0.537476
0 0 -1.306885
0.001378 0.158475 -0.987362
0 0 0 0
0.119446 0.550171
-1.320312 0 -1.303223
-0.004134 0.158475 -0.987354
0 0 0 0
0.284302 0.55011
-0.74585 0 1.171631
0.996928 0.039392 0.067689
0 0 0 0
0.704163 0.528748
-0.74585 0.095215 1.165283
0.996928 0.039392 0.067689
0 0 0 0
0.706909 0.515381
-0.75708 0.10498 1.275635
0.996527 0.023364 0.07992
0 0 0 0
0.700012 0.518066
-0.751465 0 1.302979
0.996928 0.039392 0.067689
0 0 0 0
0.700867 0.528809
-0.74585 0.095215 1.165283
0.994735 0.098184 0.029353
0 0 0 0
0.706909 0.515381
-0.756592 0.171387 1.274658
1 0.000978 0.000001
0 0 0 0
0.700134 0.50946
-0.75708 0.171143 1.165283
0.999996 0.002933 0.000009
0 0 0 0
0.710449 0.508057
-1.273193 0.17334 1.281006
-0.015206 0.01797 0.999723
0 0 0 0
1 0.029724
-1.2771 0.107422 1.283691
0.015205 0.029027 0.999463
0 0 0 0
1 0.001526
-0.75708 0.10498 1.275635
0.015205 0.029027 0.999463
0 0 0 0
0.001526 0.001526
-0.756592 0.171387 1.274658
-0.01797 0.012441 0.999761
0 0 0 0
0.001587 0.029724
-0.751465 0 1.302979
0.025977 0.291221 0.956303
0 0 0 0
0.001526 0.095276
-0.75708 0.10498 1.275635
0.025977 0.291221 0.956303
0 0 0 0
0.001526 0.217224
-1.2771 0.107422 1.283691
0.025977 0.291221 0.956303
0 0 0 0
1 0.217224
-1.322998 0 1.32251
0.025977 0.291221 0.956303
0 0 0 0
1 0.095276
-1.134521 0.106689 1.133301
0.000979 0.999992 0.003905
0 0 0 0
0.706238 -0.241455
0 0.096436 1.165039
0.001128 0.943778 0.330578
0 0 0 0
0.827515 -0.238464
0 0.106445 1.134033
-0.000979 0.999992 0.003905
0 0 0 0
0.827209 -0.241333
-0.74585 0.095215 1.165283
-0.001128 0.943778 0.330578
0 0 0 0
0.752075 -0.238403
-1.134521 0.094971 1.165283
-0.001128 0.943778 0.330578
0 0 0 0
0.743774 -0.238403
-1.321777 0 0.009521
-0.934099 0.357012 0.001222
0 0 0 0
0.472961 0.095276
-1.287842 0.098389 -1.287354
-0.942028 0.33553 0.001444
0 0 0 0
1 0.217224
-1.320312 0 -1.303223
-0.942028 0.33553 0.001444
0 0 0 0
1 0.095276
-1.282471 0.103027 -0.001709
-0.934997 0.354654 -0.001041
0 0 0 0
0.477356 0.217224
-1.2771 0.107422 1.283691
-0.927048 0.374931 0.002896
0 0 0 0
0.001526 0.217224
-1.322998 0 1.32251
-0.927048 0.374931 0.002896
0 0 0 0
0.001526 0.095276
-1.280762 0.175537 -1.280273
-0.995661 0.093007 0.003072
0 0 0 0
1 0.029724
-1.287842 0.098389 -1.287354
-0.995661 0.093007 0.003072
0 0 0 0
1 0.001526
-1.282471 0.103027 -0.001709
-0.996351 0.085234 0.004463
0 0 0 0
0.511841 0.001526
-1.275879 0.174316 0.000488
-0.996351 0.085234 0.004463
0 0 0 0
0.508911 0.029724
-1.273193 0.17334 1.281006
-0.997007 0.077295 0.001841
0 0 0 0
0.001526 0.029724
-1.2771 0.107422 1.283691
-0.997007 0.077295 0.001841
0 0 0 0
0.001526 0.001526
0 2.504395 1.275391
-0.000998 -0.999094 0.042547
0 0 0 0
0.792847 0.208069
-0.756836 2.495117 1.180664
0.005 -0.998913 0.046347
0 0 0 0
0.71051 0.216248
0 2.5 1.174805
-0.001 -0.998924 0.046369
0 0 0 0
0.792419 0.216431
-0.75708 2.499512 1.275879
0.006987 -0.999072 0.042501
0 0 0 0
0.700012 0.207764
0 2.495361 1.14209
-0.000977 -1 -0.000001
0 0 0 0
0.826172 -0.242615
0 2.5 1.174805
-0.001 -0.998924 0.046369
0 0 0 0
0.826416 -0.239563
-0.756836 2.495117 1.180664
0.005 -0.998913 0.046347
0 0 0 0
0.907349 -0.239014
-1.13916 2.495361 1.142334
0.000978 -1 -0.000001
0 0 0 0
0.948181 -0.242615
-1.13916 2.495361 -1.166504
0.000978 -1 -0.000001
0 0 0 0
0.948181 -0.460571
0 2.495361 -1.166504
0.000978 -1 -0.000001
0 0 0 0
0.826172 -0.460571
-0.756836 2.495117 1.180664
0.078736 0.004144 -0.996887
0 0 0 0
0.638428 0.203369
-0.75708 0.171143 1.165283
0.078736 0.004144 -0.996887
0 0 0 0
0.638489 0.5047
-1.137695 0.172607 1.143311
0.078736 0.004144 -0.996887
0 0 0 0
0.699219 0.566772
-1.13916 2.495361 1.142334
0.078736 0.004144 -0.996887
0 0 0 0
0.702759 0.203674
-0.756836 2.495117 1.180664
1 0.000978 0.000001
0 0 0 0
0.001526 0.032776
-0.75708 2.499512 1.275879
1 0.000978 0.000001
0 0 0 0
0.001526 0.092224
-0.756592 0.171387 1.274658
1 0.000978 0.000001
0 0 0 0
1 0.092224
-0.75708 0.171143 1.165283
0.999996 0.002933 0.000009
0 0 0 0
1 0.032776
-1.13916 2.495361 -1.166504
1 -0.000977 0.000001
0 0 0 0
0.001526 0.470276
-1.13916 2.495361 1.142334
1 -0.000977 0.000001
0 0 0 0
0.001526 0.904724
-1.137695 0.172607 1.143311
1 0.000978 0.000001
0 0 0 0
1 0.904724
-1.141602 0.171387 -1.16626
1 0.000978 0.000001
0 0 0 0
1 0.470276
-1.13916 2.495361 -1.166504
0.001382 0.001382 0.999998
0 0 0 0
0.317993 -0.37793
0 0.171387 -1.16626
-0.001382 0.001382 0.999998
0 0 0 0
0.438293 -0.176025
0 2.495361 -1.166504
-0.001382 0.001382 0.999998
0 0 0 0
0.431396 -0.37793
-1.141602 0.171387 -1.16626
0.001382 0.001382 0.999998
0 0 0 0
0.317749 -0.176025
-1.136719 0.105469 -1.161621
-0.001382 0.07046 0.997514
0 0 0 0
0.318237 -0.170349
0 0.105469 -1.161377
0.001382 0.07046 0.997514
0 0 0 0
0.438477 -0.170349
-1.141602 0.171387 -1.16626
1 0.000978 0.000001
0 0 0 0
0.948853 0.752747
-1.134521 0.106689 1.133301
0.99822 0.059639 -0.000351
0 0 0 0
0.707581 0.758667
-1.136719 0.105469 -1.161621
0.99822 0.059639 -0.000351
0 0 0 0
0.948364 0.758789
-1.137695 0.172607 1.143311
1 0.000978 0.000001
0 0 0 0
0.699219 0.566772
-1.134521 0.094971 1.165283
0.998861 0.044372 0.01752
0 0 0 0
0.664734 0.50824
-1.099854 3.080322 -1.098145
-0.999701 0.024431 -0.000597
0 0 0 0
0.001526 0.220276
-1.109375 2.701416 -1.106689
-0.999701 0.024431 -0.000597
0 0 0 0
0.001526 0.467224
-1.108154 2.701416 0.000488
-0.999701 0.024431 -0.000597
0 0 0 0
0.50177 0.467224
-1.099121 3.080322 0.000488
-0.999701 0.024431 -0.000597
0 0 0 0
0.50177 0.220276
-1.098389 3.080322 1.099121
-0.999747 0.022477 -0.000505
0 0 0 0
1 0.220276
-1.106689 2.701416 1.107666
-0.999747 0.022477 -0.000505
0 0 0 0
1 0.467224
-1.134521 0.094971 1.165283
0.028957 -0.139269 -0.989831
0 0 0 0
0.664734 0.50824
-1.137695 0.172607 1.143311
0.028957 -0.139269 -0.989831
0 0 0 0
0.699219 0.566772
-0.75708 0.171143 1.165283
0.028957 -0.139269 -0.989831
0 0 0 0
0.638489 0.5047
-1.134521 0.094971 1.165283
0.028957 -0.139269 -0.989831
0 0 0 0
0.664734 0.50824
-0.75708 0.171143 1.165283
0.028957 -0.139269 -0.989831
0 0 0 0
0.638489 0.5047
-0.74585 0.095215 1.165283
0.028957 -0.139269 -0.989831
0 0 0 0
0.638184 0.510559
0.75415 2.499512 1.275879
0.037317 0.017968 0.999142
0 0 0 0
0.675598 0.469116
0.753418 0.171387 1.274658
0.01797 0.012441 0.999761
0 0 0 0
0.324402 0.469116
0.792969 0.210938 1.273926
0.015206 0.004147 0.999876
0 0 0 0
0.324402 0.489563
0.793701 2.538818 1.272949
0.012441 0.012441 0.999845
0 0 0 0
0.675598 0.489563
0.792969 0.210938 1.273926
0.015206 0.004147 0.999876
0 0 0 0
0.675598 0.489563
0.753418 0.171387 1.274658
0.01797 0.012441 0.999761
0 0 0 0
0.675598 0.469116
1.272217 0.17334 1.281006
0.015206 0.01797 0.999723
0 0 0 0
0.324402 0.469116
1.232422 0.212891 1.28125
0.015206 0.006912 0.99986
0 0 0 0
0.324402 0.489563
0.793701 2.538818 1.272949
0.012441 0.012441 0.999845
0 0 0 0
0.847412 0.737793
0.792969 0.210938 1.273926
0.015206 0.004147 0.999876
0 0 0 0
0.130066 0.738159
1.232422 0.212891 1.28125
0.015206 0.006912 0.99986
0 0 0 0
0.13092 0.873657
1.228516 2.64624 1.254395
0.015206 0.009677 0.999838
0 0 0 0
0.880737 0.870911
0 2.648926 1.274414
0.001382 0.056656 0.998393
0 0 0 0
0.880859 0.496155
0 2.543701 1.272461
0.001382 0.062179 0.998064
0 0 0 0
0.848816 0.496216
1.274902 0.174316 0.000488
0.999988 0.004888 -0.000024
0 0 0 0
0.001526 0.6875
1.268066 2.685791 1.251465
1 0.000978 -0.000001
0 0 0 0
1 0.473572
1.272217 0.17334 1.281006
0.999996 0.002933 -0.000009
0 0 0 0
0.001526 0.473572
1.269287 2.684082 -0.004639
0.999996 0.002933 -0.000009
0 0 0 0
1 0.6875
1.270508 2.682129 -1.260498
0.999996 0.002933 -0.000009
0 0 0 0
1 0.901428
1.277588 0.175537 -1.280273
0.999988 0.004888 -0.000024
0 0 0 0
0.001526 0.901428
1.232422 0.212891 1.28125
0.015206 0.006912 0.99986
0 0 0 0
0.675598 0.489563
1.272217 0.17334 1.281006
0.015206 0.01797 0.999723
0 0 0 0
0.675598 0.469116
1.268066 2.685791 1.251465
0.034552 0.02626 0.999058
0 0 0 0
0.324402 0.469116
1.228516 2.64624 1.254395
0.015206 0.009677 0.999838
0 0 0 0
0.324402 0.489563
0 2.543701 1.272461
0.001382 0.062179 0.998064
0 0 0 0
0.675598 0.489563
0 2.504395 1.275391
0.001382 0.073219 0.997315
0 0 0 0
0.675598 0.469116
0.75415 2.499512 1.275879
0.037317 0.017968 0.999142
0 0 0 0
0.324402 0.469116
0.793701 2.538818 1.272949
0.012441 0.012441 0.999845
0 0 0 0
0.324402 0.489563
1.228516 2.64624 1.254395
0.015206 0.009677 0.999838
0 0 0 0
0.675598 0.489563
1.268066 2.685791 1.251465
0.034552 0.02626 0.999058
0 0 0 0
0.675598 0.469116
0 2.688721 1.272461
0.001382 0.053895 0.998546
0 0 0 0
0.324402 0.469116
0 2.648926 1.274414
0.001382 0.056656 0.998393
0 0 0 0
0.324402 0.489563
-0.796875 2.538818 1.272949
-0.012441 0.012441 0.999845
0 0 0 0
0.846619 0.627441
-1.235352 0.212891 1.28125
-0.015206 0.006912 0.99986
0 0 0 0
0.129639 0.493896
-0.796143 0.210938 1.273926
-0.015206 0.004147 0.999876
0 0 0 0
0.129272 0.629395
-1.231445 2.64624 1.254395
-0.015206 0.009677 0.999838
0 0 0 0
0.879456 0.494202
0 2.648926 1.274414
0.001382 0.056656 0.998393
0 0 0 0
0.880859 0.869934
0 2.543701 1.272461
0.001382 0.062179 0.998064
0 0 0 0
0.848816 0.869995
-1.270996 2.685791 1.251465
-0.034552 0.02626 0.999058
0 0 0 0
0.675598 0.469116
-1.273193 0.17334 1.281006
-0.015206 0.01797 0.999723
0 0 0 0
0.324402 0.469116
-1.235352 0.212891 1.28125
-0.015206 0.006912 0.99986
0 0 0 0
0.324402 0.489563
-1.231445 2.64624 1.254395
-0.015206 0.009677 0.999838
0 0 0 0
0.675598 0.489563
-1.273193 0.17334 1.281006
-0.015206 0.01797 0.999723
0 0 0 0
0.675598 0.469116
-0.796143 0.210938 1.273926
-0.015206 0.004147 0.999876
0 0 0 0
0.324402 0.489563
-1.235352 0.212891 1.28125
-0.015206 0.006912 0.99986
0 0 0 0
0.675598 0.489563
-0.756592 0.171387 1.274658
-0.01797 0.012441 0.999761
0 0 0 0
0.324402 0.469116
-0.796143 0.210938 1.273926
-0.015206 0.004147 0.999876
0 0 0 0
0.675598 0.489563
-0.756592 0.171387 1.274658
-0.01797 0.012441 0.999761
0 0 0 0
0.675598 0.469116
-0.75708 2.499512 1.275879
-0.037317 0.017968 0.999142
0 0 0 0
0.324402 0.469116
-0.796875 2.538818 1.272949
-0.012441 0.012441 0.999845
0 0 0 0
0.324402 0.489563
0 2.688721 1.272461
0.001382 0.053895 0.998546
0 0 0 0
0.675598 0.469116
-1.270996 2.685791 1.251465
-0.034552 0.02626 0.999058
0 0 0 0
0.324402 0.469116
-1.231445 2.64624 1.254395
-0.015206 0.009677 0.999838
0 0 0 0
0.324402 0.489563
0 2.648926 1.274414
0.001382 0.056656 0.998393
0 0 0 0
0.675598 0.489563
-0.75708 2.499512 1.275879
-0.037317 0.017968 0.999142
0 0 0 0
0.675598 0.469116
0 2.504395 1.275391
0.001382 0.073219 0.997315
0 0 0 0
0.324402 0.469116
0 2.543701 1.272461
0.001382 0.062179 0.998064
0 0 0 0
0.324402 0.489563
-0.796875 2.538818 1.272949
-0.012441 0.012441 0.999845
0 0 0 0
0.675598 0.489563
0.257324 3.747314 0.257324
0.001382 0.001382 0.999998
0 0 0 0
0.001526 0.467224
-0.257324 3.747314 0.257324
0.001382 0.001382 0.999998
0 0 0 0
1 0.467224
-0.257324 3.572998 0.257324
0.001382 0.001382 0.999998
0 0 0 0
1 0.220276
0.257324 3.572998 0.257324
0.001382 0.001382 0.999998
0 0 0 0
0.001526 0.220276
0.257324 3.747314 -0.257324
1 0.000978 -0.000001
0 0 0 0
0.001526 0.467224
0.257324 3.747314 0.257324
1 0.000978 -0.000001
0 0 0 0
1 0.467224
0.257324 3.572998 0.257324
1 0.000978 -0.000001
0 0 0 0
1 0.220276
0.257324 3.572998 -0.257324
1 0.000978 -0.000001
0 0 0 0
0.001526 0.220276
-0.257324 3.747314 -0.257324
0.001382 0.001382 -0.999998
0 0 0 0
0.001526 0.467224
0.257324 3.747314 -0.257324
0.001382 0.001382 -0.999998
0 0 0 0
1 0.467224
0.257324 3.572998 -0.257324
0.001382 0.001382 -0.999998
0 0 0 0
1 0.220276
-0.257324 3.572998 -0.257324
0.001382 0.001382 -0.999998
0 0 0 0
0.001526 0.220276
-0.257324 3.747314 0.257324
-1 0.000978 -0.000001
0 0 0 0
0.001526 0.467224
-0.257324 3.747314 -0.257324
-1 0.000978 -0.000001
0 0 0 0
1 0.467224
-0.257324 3.572998 -0.257324
-1 0.000978 -0.000001
0 0 0 0
1 0.220276
-0.257324 3.572998 0.257324
-1 0.000978 -0.000001
0 0 0 0
0.001526 0.220276
176
2 1 0
3 2 0
6 5 4
7 6 4
9 6 8
10 9 8
13 12 11
14 13 11
17 16 15
18 17 15
19 18 15
20 19 15
23 22 21
24 23 21
24 25 23
25 26 23
29 28 27
28 30 27
27 30 31
32 27 31
35 34 33
34 36 33
39 38 37
40 39 37
43 42 41
42 44 41
45 44 42
46 45 42
49 48 47
50 49 47
53 52 51
54 53 51
57 56 55
58 57 55
58 59 57
59 60 57
63 62 61
64 63 61
64 65 63
68 67 66
67 69 66
66 69 70
71 66 70
74 73 72
75 74 72
76 75 72
77 76 72
80 79 78
79 81 78
81 82 78
82 83 78
86 85 84
85 87 84
87 88 84
88 89 84
92 91 90
93 92 90
94 93 90
95 94 90
98 97 96
97 99 96
99 100 96
103 102 101
106 105 104
109 108 107
108 110 107
113 112 111
114 113 111
117 116 115
116 118 115
121 120 119
122 121 119
125 124 123
126 125 123
126 127 125
127 128 125
131 130 129
132 131 129
135 134 133
136 135 133
139 138 137
140 139 137
139 140 141
142 139 141
145 144 143
146 145 143
145 146 147
148 145 147
151 150 149
152 151 149
155 154 153
156 155 153
159 158 157
160 159 157
159 162 161
162 163 161
166 165 164
167 166 164
170 169 168
171 170 168
174 173 172
173 175 172
175 176 172
179 178 177
178 180 177
180 181 177
181 182 177
185 184 183
186 185 183
185 186 187
188 185 187
191 190 189
190 192 189
195 194 193
196 195 193
197 196 193
198 197 193
201 200 199
202 201 199
205 204 203
206 205 203
209 208 207
210 209 207
213 212 211
212 214 211
214 212 215
212 216 215
219 218 217
218 220 217
221 220 218
224 223 222
225 224 222
224 225 226
227 224 226
230 229 228
233 232 231
236 235 234
237 236 234
240 239 238
241 240 238
244 243 242
245 244 242
245 242 246
242 247 246
250 249 248
249 251 248
248 251 252
253 248 252
256 255 254
257 256 254
260 259 258
261 260 258
264 263 262
265 264 262
268 267 266
267 269 266
266 269 270
271 266 270
274 273 272
275 274 272
278 277 276
277 279 276
282 281 280
283 282 280
286 285 284
287 286 284
290 289 288
291 290 288
294 293 292
295 294 292
298 297 296
299 298 296
302 301 300
303 302 300
306 305 304
307 306 304
sm03_material\environment\global\procedural\gbl_proc_stain_decal_random_01\jn_gbl_proc_stain_trim_decal_random_01.material
1
0
56
1.279541 2.682129 1.260498
0.999892 0.014661 0.000215
0 0 0 0
-0.071411 0.002014
1.286621 2.227783 1.280273
0.999892 0.014661 0.000215
0 0 0 0
-0.071411 0.997986
1.283936 2.226807 -1.256836
0.999892 0.014661 0.000215
0 0 0 0
1.072205 0.997986
1.27832 2.684082 -1.251953
0.999892 0.014661 0.000215
0 0 0 0
1.072205 0.002014
-0.803223 1.656982 1.291016
0.001382 0.006912 0.999975
0 0 0 0
0.182312 0.997986
-1.24585 2.532715 1.284668
0.001382 0.006912 0.999975
0 0 0 0
0.000793 0.066833
-1.26416 1.657227 1.291504
0.001382 0.006912 0.999975
0 0 0 0
0.000793 0.997986
-0.789062 2.532959 1.284424
0.001382 0.004147 0.99999
0 0 0 0
0.182312 0.066833
-1.244629 2.684082 1.284424
0.001382 0.004147 0.99999
0 0 0 0
0.000793 0.002014
-0.788086 2.684326 1.28418
0.001382 0.004147 0.99999
0 0 0 0
0.182312 0.002014
0.798584 2.533936 1.283691
0.001382 0.004147 0.99999
0 0 0 0
0.813293 0.066833
0.798584 2.685547 1.283203
0.001382 0.001382 0.999998
0 0 0 0
0.813293 0.002014
1.268066 2.685791 1.282959
0.001382 0.001382 0.999998
0 0 0 0
1 0.002014
1.268311 2.53418 1.283447
0.001382 0.006912 0.999975
0 0 0 0
1 0.066833
0.798828 1.65625 1.289307
0.001382 0.006912 0.999975
0 0 0 0
0.813293 0.997986
1.272949 1.656006 1.288818
0.001382 0.006912 0.999975
0 0 0 0
1 0.997986
-1.279541 2.682129 -1.260498
-0.999892 0.014661 -0.000215
0 0 0 0
-0.071411 0.002014
-1.286621 2.227295 -1.280273
-0.999892 0.014661 -0.000215
0 0 0 0
-0.071411 0.997986
-1.283936 2.226074 1.256836
-0.999892 0.014661 -0.000215
0 0 0 0
1.072205 0.997986
-1.27832 2.684082 1.251953
-0.999892 0.014661 -0.000215
0 0 0 0
1.072205 0.002014
1.239014 2.68042 -1.27002
-0.001382 0.015206 -0.999883
0 0 0 0
-0.071411 0.002014
1.258545 2.225342 -1.2771
-0.001382 0.015206 -0.999883
0 0 0 0
-0.071411 0.997986
-1.278564 2.224365 -1.274414
-0.001382 0.015206 -0.999883
0 0 0 0
1.072205 0.997986
-1.273682 2.682129 -1.268799
-0.001382 0.015206 -0.999883
0 0 0 0
1.072205 0.002014
-1.111816 2.783203 1.112549
0.001382 0.029028 0.999578
0 0 0 0
0 1
1.108643 2.783203 1.112549
0.001382 0.029028 0.999578
0 0 0 0
1 1
1.100342 3.080566 1.104004
0.001382 0.029028 0.999578
0 0 0 0
1 0
-1.103516 3.080566 1.104004
0.001382 0.029028 0.999578
0 0 0 0
0 0
1.101807 3.080566 -1.103027
0.999541 0.030289 -0.000918
0 0 0 0
1 0
1.100342 3.080566 1.104004
0.999541 0.030289 -0.000918
0 0 0 0
0 0
1.108643 2.783203 1.112549
0.999541 0.030289 -0.000918
0 0 0 0
0 1
1.111328 2.783447 -1.111572
0.999541 0.030289 -0.000918
0 0 0 0
1 1
1.111328 2.783447 -1.111572
0.001382 0.029028 -0.999578
0 0 0 0
0 1
-1.114502 2.783447 -1.111572
0.001382 0.029028 -0.999578
0 0 0 0
1 1
-1.104736 3.080566 -1.103027
0.001382 0.029028 -0.999578
0 0 0 0
1 0
1.101807 3.080566 -1.103027
0.001382 0.029028 -0.999578
0 0 0 0
0 0
-1.111816 2.783203 1.112549
-0.999541 0.030289 -0.000918
0 0 0 0
1 1
-1.103516 3.080566 1.104004
-0.999541 0.030289 -0.000918
0 0 0 0
1 0
-1.104736 3.080566 -1.103027
-0.999541 0.030289 -0.000918
0 0 0 0
0 0
-1.114502 2.783447 -1.111572
-0.999541 0.030289 -0.000918
0 0 0 0
0 1
-0.265381 3.591553 0.264893
0.001382 0.012442 0.999922
0 0 0 0
0 1
0.262451 3.591553 0.264893
0.001382 0.012442 0.999922
0 0 0 0
1 1
0.260498 3.747559 0.262939
0.001382 0.012442 0.999922
0 0 0 0
1 0
-0.263428 3.747559 0.262939
0.001382 0.012442 0.999922
0 0 0 0
0 0
0.260742 3.747803 -0.261719
0.999892 0.014661 -0.000215
0 0 0 0
1 0
0.260498 3.747559 0.262939
0.999892 0.014661 -0.000215
0 0 0 0
0 0
0.262451 3.591553 0.264893
0.999892 0.014661 -0.000215
0 0 0 0
0 1
0.262939 3.591553 -0.263672
0.999892 0.014661 -0.000215
0 0 0 0
1 1
0.262939 3.591553 -0.263672
0.001382 0.012442 -0.999922
0 0 0 0
0 1
-0.266113 3.591553 -0.263672
0.001382 0.012442 -0.999922
0 0 0 0
1 1
-0.263672 3.747803 -0.261719
0.001382 0.012442 -0.999922
0 0 0 0
1 0
0.260742 3.747803 -0.261719
0.001382 0.012442 -0.999922
0 0 0 0
0 0
-0.265381 3.591553 0.264893
-0.999892 0.014661 -0.000215
0 0 0 0
1 1
-0.263428 3.747559 0.262939
-0.999892 0.014661 -0.000215
0 0 0 0
1 0
-0.263672 3.747803 -0.261719
-0.999892 0.014661 -0.000215
0 0 0 0
0 0
-0.266113 3.591553 -0.263672
-0.999892 0.014661 -0.000215
0 0 0 0
0 1
32
2 1 0
3 2 0
6 5 4
5 7 4
7 5 8
9 7 8
10 7 9
11 10 9
10 11 12
13 10 12
14 10 13
15 14 13
18 17 16
19 18 16
22 21 20
23 22 20
26 25 24
27 26 24
30 29 28
31 30 28
34 33 32
35 34 32
38 37 36
39 38 36
42 41 40
43 42 40
46 45 44
47 46 44
50 49 48
51 50 48
54 53 52
55 54 52
