0
4
sm00_material\environment\template\architecture\gbl_arch_metal_trim_worn_01\jn_gbl_arch_metal_trim_worn_01.material
1
0
16
1 3.539551 0.253662
0.001382 0.001382 0.999998
0 0 0 0
0.136719 1.058777
0.936768 3.539551 0.253662
0.001382 0.001382 0.999998
0 0 0 0
0.136719 1.032166
0.936768 0.6604 0.253662
0.001382 0.001382 0.999998
0 0 0 0
0.863159 1.032166
1 0.6604 0.253662
0.001382 0.001382 0.999998
0 0 0 0
0.863159 1.058777
-0.936768 3.539551 0.253662
0.001382 0.001382 0.999998
0 0 0 0
0.136719 1.032166
-1 3.539551 0.253662
0.001382 0.001382 0.999998
0 0 0 0
0.136719 1.058777
-1 0.6604 0.253662
0.001382 0.001382 0.999998
0 0 0 0
0.863159 1.058777
-0.936768 0.6604 0.253662
0.001382 0.001382 0.999998
0 0 0 0
0.863159 1.032166
0.936768 3.539551 0.253662
-1 0.000978 -0.000001
0 0 0 0
0.136719 1.032166
0.936768 3.539551 0.199951
-1 0.000978 -0.000001
0 0 0 0
0.136719 1.058777
0.936768 0.6604 0.199951
-1 0.000978 -0.000001
0 0 0 0
0.863159 1.058777
0.936768 0.6604 0.253662
-1 0.000978 -0.000001
0 0 0 0
0.863159 1.032166
-0.936768 0.6604 0.253662
1 0.000978 -0.000001
0 0 0 0
0.863159 1.032166
-0.936768 0.6604 0.199951
1 0.000978 -0.000001
0 0 0 0
0.863159 1.058777
-0.936768 3.539551 0.199951
1 0.000978 -0.000001
0 0 0 0
0.136719 1.058777
-0.936768 3.539551 0.253662
1 0.000978 -0.000001
0 0 0 0
0.136719 1.032166
8
2 1 0
3 2 0
6 5 4
7 6 4
10 9 8
11 10 8
14 13 12
15 14 12
sm01_material\environment\template\architecture\gbl_arch_Brass_Trim_01\mo_gbl_arch_hvac_grate_01.material
1
0
8
-0.894287 3.471924 0.098633
0.001382 0.001382 0.999998
0 0 0 0
0.895325 0.258057
-0.894287 0.728027 0.098633
0.001382 0.001382 0.999998
0 0 0 0
0.104675 0.258057
-0.723633 0.728027 0.098633
0.001382 0.001382 0.999998
0 0 0 0
0.104675 0.407288
-0.723633 3.471924 0.098633
0.001382 0.001382 0.999998
0 0 0 0
0.895325 0.407288
0.720703 3.471924 0.098633
0.001382 0.001382 0.999998
0 0 0 0
0.895325 0.675354
0.720703 0.728027 0.098633
0.001382 0.001382 0.999998
0 0 0 0
0.104675 0.675354
0.894531 0.728027 0.098633
0.001382 0.001382 0.999998
0 0 0 0
0.104675 0.824646
0.894531 3.471924 0.098633
0.001382 0.001382 0.999998
0 0 0 0
0.895325 0.824646
4
2 1 0
3 2 0
6 5 4
7 6 4
sm02_material\environment\template\architecture\gbl_arch_Stone_Wall_01\sza_gbl_arch_granite_wall_01.material
1
0
4
0.598877 3.461914 0.199951
0.001382 0.001382 0.999998
0 0 0 0
1.656006 0.025269
-0.60376 3.461914 0.199951
0.001382 0.001382 0.999998
0 0 0 0
1.343079 0.025269
-0.60376 0.738037 0.199951
0.001382 0.001382 0.999998
0 0 0 0
1.343079 0.974731
0.598877 0.738037 0.199951
0.001382 0.001382 0.999998
0 0 0 0
1.656006 0.974731
2
2 1 0
3 2 0
sm03_material\environment\template\architecture\gbl_arch_Concrete_Trim_02\sza_gbl_arch_metal_trim_01.material
1
0
358
-1 0.6604 0.287354
0.001382 0.001382 0.999998
0 0 0 0
0.022217 -0.904602
-1 0.199951 0.287354
0.001382 0.001382 0.999998
0 0 0 0
0.022217 -0.78363
1 0.199951 0.287354
0.001382 0.001382 0.999998
0 0 0 0
0.977722 -0.78363
1 0.6604 0.287354
0.001382 0.001382 0.999998
0 0 0 0
0.977722 -0.904602
-1 0.199951 0.287354
0.000978 -1 -0.000001
0 0 0 0
0.022217 -0.998718
-1 0.199951 0.199951
0.000978 -1 -0.000001
0 0 0 0
0.022217 -0.970276
1 0.199951 0.199951
0.000978 -1 -0.000001
0 0 0 0
0.977722 -0.970276
1 0.199951 0.287354
0.000978 -1 -0.000001
0 0 0 0
0.977722 -0.998718
-1 0.6604 0.199951
-1 0.000978 -0.000001
0 0 0 0
0.554993 -0.998718
-1 0.199951 0.199951
-1 0.000978 -0.000001
0 0 0 0
0.445007 -0.998718
-1 0.199951 0.287354
-1 0.000978 -0.000001
0 0 0 0
0.445007 -0.970276
-1 0.6604 0.287354
-1 0.000978 -0.000001
0 0 0 0
0.554993 -0.970276
1 0.199951 0.199951
1 0.000978 -0.000001
0 0 0 0
0.445007 -0.970276
1 0.6604 0.287354
1 0.000978 -0.000001
0 0 0 0
0.554993 -0.998718
1 0.199951 0.287354
1 0.000978 -0.000001
0 0 0 0
0.445007 -0.998718
1 0.6604 0.199951
1 0.000978 -0.000001
0 0 0 0
0.554993 -0.970276
-1 0.6604 0.287354
0.000978 1 -0.000001
0 0 0 0
0.022217 -0.970276
1 0.6604 0.287354
0.000978 1 -0.000001
0 0 0 0
0.977722 -0.970276
1 0.6604 0.199951
0.000978 1 -0.000001
0 0 0 0
0.977722 -0.998718
-0.675049 0.6604 0.199951
0.000978 1 -0.000001
0 0 0 0
0.499634 -0.998718
-1 0.6604 0.199951
0.000978 1 -0.000001
0 0 0 0
0.022217 -0.998718
1 3.539551 0.287354
0.000978 -1 -0.000001
0 0 0 0
0.977722 -0.998718
-0.681641 3.539551 0.199951
0.000978 -1 -0.000001
0 0 0 0
0.499634 -0.970276
1 3.539551 0.199951
0.000978 -1 -0.000001
0 0 0 0
0.977722 -0.970276
-1 3.539551 0.199951
0.000978 -1 -0.000001
0 0 0 0
0.022217 -0.970276
-1 3.539551 0.287354
0.000978 -1 -0.000001
0 0 0 0
0.022217 -0.998718
-1 4 0.199951
-1 0.000978 -0.000001
0 0 0 0
0.554993 -0.998718
-1 3.539551 0.199951
-1 0.000978 -0.000001
0 0 0 0
0.445007 -0.998718
-1 3.539551 0.287354
-1 0.000978 -0.000001
0 0 0 0
0.445007 -0.970276
-1 4 0.287354
-1 0.000978 -0.000001
0 0 0 0
0.554993 -0.970276
-1 4 0.287354
0.001382 0.001382 0.999998
0 0 0 0
0.022217 -0.904602
-1 3.539551 0.287354
0.001382 0.001382 0.999998
0 0 0 0
0.022217 -0.78363
1 3.539551 0.287354
0.001382 0.001382 0.999998
0 0 0 0
0.977722 -0.78363
1 4 0.287354
0.001382 0.001382 0.999998
0 0 0 0
0.977722 -0.904602
1 3.539551 0.199951
1 0.000978 -0.000001
0 0 0 0
0.445007 -0.970276
1 4 0.199951
1 0.000978 -0.000001
0 0 0 0
0.554993 -0.970276
1 4 0.287354
1 0.000978 -0.000001
0 0 0 0
0.554993 -0.998718
1 3.539551 0.287354
1 0.000978 -0.000001
0 0 0 0
0.445007 -0.998718
-1 4 0.287354
0.000978 1 -0.000001
0 0 0 0
0.022217 -0.970276
1 4 0.287354
0.000978 1 -0.000001
0 0 0 0
0.977722 -0.970276
1 4 0.199951
0.000978 1 -0.000001
0 0 0 0
0.977722 -0.998718
-1 4 0.199951
0.000978 1 -0.000001
0 0 0 0
0.022217 -0.998718
-0.894287 0.728027 0.098633
0.000978 1 -0.000001
0 0 0 0
0.01886 0.078186
-0.723633 0.728027 0.199951
0.000978 1 -0.000001
0 0 0 0
0.977234 0.032532
-0.723633 0.728027 0.098633
0.000978 1 -0.000001
0 0 0 0
0.977234 0.078186
-0.894287 0.728027 0.199951
0.000978 1 -0.000001
0 0 0 0
0.01886 0.032532
-0.723633 0.728027 0.098633
-1 0.000978 -0.000001
0 0 0 0
0.01886 0.078186
-0.723633 0.728027 0.199951
-1 0.000978 -0.000001
0 0 0 0
0.01886 0.032532
-0.723633 3.471924 0.199951
-1 0.000978 -0.000001
0 0 0 0
0.977234 0.032532
-0.723633 3.471924 0.098633
-1 0.000978 -0.000001
0 0 0 0
0.977234 0.078186
-0.894287 0.728027 0.098633
1 0.000978 -0.000001
0 0 0 0
0.977234 0.078186
-0.894287 3.471924 0.098633
1 0.000978 -0.000001
0 0 0 0
0.01886 0.078186
-0.894287 3.471924 0.199951
1 0.000978 -0.000001
0 0 0 0
0.01886 0.032532
-0.894287 0.728027 0.199951
1 0.000978 -0.000001
0 0 0 0
0.977234 0.032532
-0.894287 3.471924 0.098633
0.000978 -1 -0.000001
0 0 0 0
0.977234 0.078186
-0.723633 3.471924 0.098633
0.000978 -1 -0.000001
0 0 0 0
0.01886 0.078186
-0.723633 3.471924 0.199951
0.000978 -1 -0.000001
0 0 0 0
0.01886 0.032532
-0.894287 3.471924 0.199951
0.000978 -1 -0.000001
0 0 0 0
0.977234 0.032532
-0.894287 0.728027 0.199951
0.001382 0.001382 0.999998
0 0 0 0
0.063904 0.032593
-0.943359 0.6604 0.199951
0.001382 0.001382 0.999998
0 0 0 0
0.038513 0.090393
-0.675049 0.6604 0.199951
-0.001382 0.001382 0.999998
0 0 0 0
0.964905 0.090393
-0.723633 0.728027 0.199951
0.001382 0.001382 0.999998
0 0 0 0
0.941772 0.032593
-0.943359 0.6604 0.199951
0.001382 0.001382 0.999998
0 0 0 0
0.753723 0.090393
-0.894287 0.728027 0.199951
0.001382 0.001382 0.999998
0 0 0 0
0.737427 0.032593
-0.894287 3.471924 0.199951
0.001382 0.001382 0.999998
0 0 0 0
0.033569 0.032593
-0.943359 3.539551 0.199951
0.001382 0.001382 0.999998
0 0 0 0
0.017273 0.090393
-0.675049 0.6604 0.199951
-0.001382 0.001382 0.999998
0 0 0 0
0.025085 0.090393
-0.723633 3.471924 0.199951
0.001382 0.001382 0.999998
0 0 0 0
0.812866 0.032593
-0.723633 0.728027 0.199951
0.001382 0.001382 0.999998
0 0 0 0
0.042908 0.032593
-0.675049 3.539551 0.199951
-0.001382 0.001382 0.999998
0 0 0 0
0.830688 0.090393
-0.675049 3.539551 0.199951
-0.001382 0.001382 0.999998
0 0 0 0
0.039062 0.090393
-0.943359 3.539551 0.199951
0.001382 0.001382 0.999998
0 0 0 0
0.965454 0.090393
-0.894287 3.471924 0.199951
0.001382 0.001382 0.999998
0 0 0 0
0.940125 0.032593
-0.723633 3.471924 0.199951
0.001382 0.001382 0.999998
0 0 0 0
0.062317 0.032593
0.720703 0.728027 0.098633
0.000978 1 -0.000001
0 0 0 0
0.01886 0.078186
0.894531 0.728027 0.199951
0.000978 1 -0.000001
0 0 0 0
0.977234 0.032532
0.894531 0.728027 0.098633
0.000978 1 -0.000001
0 0 0 0
0.977234 0.078186
0.720703 0.728027 0.199951
0.000978 1 -0.000001
0 0 0 0
0.01886 0.032532
0.894531 0.728027 0.098633
-1 0.000978 -0.000001
0 0 0 0
0.01886 0.078186
0.894531 0.728027 0.199951
-1 0.000978 -0.000001
0 0 0 0
0.01886 0.032532
0.894531 3.471924 0.199951
-1 0.000978 -0.000001
0 0 0 0
0.977234 0.032532
0.894531 3.471924 0.098633
-1 0.000978 -0.000001
0 0 0 0
0.977234 0.078186
0.720703 0.728027 0.098633
1 0.000978 -0.000001
0 0 0 0
0.977234 0.078186
0.720703 3.471924 0.098633
1 0.000978 -0.000001
0 0 0 0
0.01886 0.078186
0.720703 3.471924 0.199951
1 0.000978 -0.000001
0 0 0 0
0.01886 0.032532
0.720703 0.728027 0.199951
1 0.000978 -0.000001
0 0 0 0
0.977234 0.032532
0.720703 3.471924 0.098633
0.000978 -1 -0.000001
0 0 0 0
0.977234 0.078186
0.894531 3.471924 0.098633
0.000978 -1 -0.000001
0 0 0 0
0.01886 0.078186
0.894531 3.471924 0.199951
0.000978 -1 -0.000001
0 0 0 0
0.01886 0.032532
0.720703 3.471924 0.199951
0.000978 -1 -0.000001
0 0 0 0
0.977234 0.032532
0.720703 0.728027 0.199951
0.001382 0.001382 0.999998
0 0 0 0
0.063904 0.032593
0.669922 0.6604 0.199951
0.001382 0.001382 0.999998
0 0 0 0
0.038513 0.090393
0.938477 0.6604 0.199951
0.001382 0.001382 0.999998
0 0 0 0
0.964905 0.090393
0.894531 0.728027 0.199951
0.001382 0.001382 0.999998
0 0 0 0
0.941772 0.032593
0.669922 0.6604 0.199951
0.001382 0.001382 0.999998
0 0 0 0
0.753723 0.090393
0.720703 0.728027 0.199951
0.001382 0.001382 0.999998
0 0 0 0
0.737427 0.032593
0.720703 3.471924 0.199951
0.001382 0.001382 0.999998
0 0 0 0
0.033569 0.032593
0.669922 3.539551 0.199951
0.001382 0.001382 0.999998
0 0 0 0
0.017273 0.090393
0.938477 0.6604 0.199951
0.001382 0.001382 0.999998
0 0 0 0
0.025085 0.090393
0.938477 3.539551 0.199951
0.001382 0.001382 0.999998
0 0 0 0
0.830688 0.090393
0.894531 3.471924 0.199951
0.001382 0.001382 0.999998
0 0 0 0
0.812866 0.032593
0.894531 0.728027 0.199951
0.001382 0.001382 0.999998
0 0 0 0
0.042908 0.032593
0.938477 3.539551 0.199951
0.001382 0.001382 0.999998
0 0 0 0
0.039062 0.090393
0.669922 3.539551 0.199951
0.001382 0.001382 0.999998
0 0 0 0
0.965454 0.090393
0.720703 3.471924 0.199951
0.001382 0.001382 0.999998
0 0 0 0
0.940125 0.032593
0.894531 3.471924 0.199951
0.001382 0.001382 0.999998
0 0 0 0
0.062317 0.032593
0.025391 3.208496 0.234619
0.001382 0.001382 0.999998
0 0 0 0
0.001953 0.001648
-0.025391 3.208496 0.234619
0.001382 0.001382 0.999998
0 0 0 0
0.001953 0.028625
-0.025391 2.092285 0.234619
0.001382 0.001382 0.999998
0 0 0 0
0.998047 0.028625
0.025391 2.092285 0.234619
0.001382 0.001382 0.999998
0 0 0 0
0.998047 0.001648
0.025391 3.208496 0.234619
1 0.000978 -0.000001
0 0 0 0
0.001953 0.028625
0.025391 2.092285 0.234619
1 0.000978 -0.000001
0 0 0 0
0.998047 0.028625
0.025391 2.092285 0.192383
1 0.000978 -0.000001
0 0 0 0
0.998047 0.001648
0.025391 3.208496 0.192383
1 0.000978 -0.000001
0 0 0 0
0.001953 0.001648
-0.025391 3.208496 0.234619
0.000978 1 -0.000001
0 0 0 0
0.094299 0.999268
0.025391 3.208496 0.234619
0.000978 1 -0.000001
0 0 0 0
0.124023 0.999268
0.025391 3.208496 0.192383
0.000978 1 -0.000001
0 0 0 0
0.124023 0.969482
-0.025391 3.208496 0.192383
0.000978 1 -0.000001
0 0 0 0
0.094299 0.969482
-0.025391 3.208496 0.192383
-1 0.000978 -0.000001
0 0 0 0
0.001953 0.028625
-0.025391 2.092285 0.234619
-1 0.000978 -0.000001
0 0 0 0
0.998047 0.001648
-0.025391 3.208496 0.234619
-1 0.000978 -0.000001
0 0 0 0
0.001953 0.001648
-0.025391 2.092285 0.192383
-1 0.000978 -0.000001
0 0 0 0
0.998047 0.028625
0.025391 2.092285 0.234619
0.000978 -1 -0.000001
0 0 0 0
0.094299 0.999268
-0.025391 2.092285 0.234619
0.000978 -1 -0.000001
0 0 0 0
0.124023 0.999268
-0.025391 2.092285 0.192383
0.000978 -1 -0.000001
0 0 0 0
0.124023 0.969482
0.025391 2.092285 0.192383
0.000978 -1 -0.000001
0 0 0 0
0.094299 0.969482
-0.141602 3.088135 0.234619
0.001382 0.001382 0.999998
0 0 0 0
0.001953 0.001648
-0.192383 3.088135 0.234619
0.001382 0.001382 0.999998
0 0 0 0
0.001953 0.028625
-0.192383 2.212402 0.234619
0.001382 0.001382 0.999998
0 0 0 0
0.998047 0.028625
-0.141602 2.212402 0.234619
0.001382 0.001382 0.999998
0 0 0 0
0.998047 0.001648
-0.141602 3.088135 0.234619
1 0.000978 -0.000001
0 0 0 0
0.001953 0.028625
-0.141602 2.212402 0.234619
1 0.000978 -0.000001
0 0 0 0
0.998047 0.028625
-0.141602 2.212402 0.192383
1 0.000978 -0.000001
0 0 0 0
0.998047 0.001648
-0.141602 3.088135 0.192383
1 0.000978 -0.000001
0 0 0 0
0.001953 0.001648
-0.192383 3.088135 0.234619
0.000978 1 -0.000001
0 0 0 0
0.094299 0.999268
-0.141602 3.088135 0.234619
0.000978 1 -0.000001
0 0 0 0
0.124023 0.999268
-0.141602 3.088135 0.192383
0.000978 1 -0.000001
0 0 0 0
0.124023 0.969482
-0.192383 3.088135 0.192383
0.000978 1 -0.000001
0 0 0 0
0.094299 0.969482
-0.192383 3.088135 0.192383
-1 0.000978 -0.000001
0 0 0 0
0.001953 0.028625
-0.192383 2.212402 0.234619
-1 0.000978 -0.000001
0 0 0 0
0.998047 0.001648
-0.192383 3.088135 0.234619
-1 0.000978 -0.000001
0 0 0 0
0.001953 0.001648
-0.192383 2.212402 0.192383
-1 0.000978 -0.000001
0 0 0 0
0.998047 0.028625
-0.141602 2.212402 0.234619
0.000978 -1 -0.000001
0 0 0 0
0.094299 0.999268
-0.192383 2.212402 0.234619
0.000978 -1 -0.000001
0 0 0 0
0.124023 0.999268
-0.192383 2.212402 0.192383
0.000978 -1 -0.000001
0 0 0 0
0.124023 0.969482
-0.141602 2.212402 0.192383
0.000978 -1 -0.000001
0 0 0 0
0.094299 0.969482
0.192383 3.088135 0.234619
0.001382 0.001382 0.999998
0 0 0 0
0.001953 0.001648
0.141602 3.088135 0.234619
0.001382 0.001382 0.999998
0 0 0 0
0.001953 0.028625
0.141602 2.212402 0.234619
0.001382 0.001382 0.999998
0 0 0 0
0.998047 0.028625
0.192383 2.212402 0.234619
0.001382 0.001382 0.999998
0 0 0 0
0.998047 0.001648
0.192383 3.088135 0.234619
1 0.000978 -0.000001
0 0 0 0
0.001953 0.028625
0.192383 2.212402 0.234619
1 0.000978 -0.000001
0 0 0 0
0.998047 0.028625
0.192383 2.212402 0.192383
1 0.000978 -0.000001
0 0 0 0
0.998047 0.001648
0.192383 3.088135 0.192383
1 0.000978 -0.000001
0 0 0 0
0.001953 0.001648
0.141602 3.088135 0.234619
0.000978 1 -0.000001
0 0 0 0
0.094299 0.999268
0.192383 3.088135 0.234619
0.000978 1 -0.000001
0 0 0 0
0.124023 0.999268
0.192383 3.088135 0.192383
0.000978 1 -0.000001
0 0 0 0
0.124023 0.969482
0.141602 3.088135 0.192383
0.000978 1 -0.000001
0 0 0 0
0.094299 0.969482
0.141602 3.088135 0.192383
-1 0.000978 -0.000001
0 0 0 0
0.001953 0.028625
0.141602 2.212402 0.234619
-1 0.000978 -0.000001
0 0 0 0
0.998047 0.001648
0.141602 3.088135 0.234619
-1 0.000978 -0.000001
0 0 0 0
0.001953 0.001648
0.141602 2.212402 0.192383
-1 0.000978 -0.000001
0 0 0 0
0.998047 0.028625
0.192383 2.212402 0.234619
0.000978 -1 -0.000001
0 0 0 0
0.094299 0.999268
0.141602 2.212402 0.234619
0.000978 -1 -0.000001
0 0 0 0
0.124023 0.999268
0.141602 2.212402 0.192383
0.000978 -1 -0.000001
0 0 0 0
0.124023 0.969482
0.192383 2.212402 0.192383
0.000978 -1 -0.000001
0 0 0 0
0.094299 0.969482
-0.675049 3.539551 0.199951
-0.001382 0.001382 0.999998
0 0 0 0
0.022888 1.091919
-0.675049 0.6604 0.199951
-0.001382 0.001382 0.999998
0 0 0 0
0.961609 1.091919
-0.60376 0.738037 0.199951
-0.001382 0.001382 0.999998
0 0 0 0
0.937927 1.033203
-0.60376 3.461914 0.199951
-0.001382 0.001382 0.999998
0 0 0 0
0.046631 1.033203
0.669922 0.6604 0.199951
0.001382 0.001382 0.999998
0 0 0 0
0.699829 1.091919
0.598877 0.738037 0.199951
0.001382 0.001382 0.999998
0 0 0 0
0.678162 1.033203
-0.60376 0.738037 0.199951
-0.001382 0.001382 0.999998
0 0 0 0
0.311584 1.033203
-0.675049 0.6604 0.199951
-0.001382 0.001382 0.999998
0 0 0 0
0.392639 1.091919
0.669922 0.6604 0.199951
0.001382 0.001382 0.999998
0 0 0 0
0.023438 1.091919
0.669922 3.539551 0.199951
0.001382 0.001382 0.999998
0 0 0 0
0.962158 1.091919
0.598877 3.461914 0.199951
0.001382 0.001382 0.999998
0 0 0 0
0.938416 1.033203
0.598877 0.738037 0.199951
0.001382 0.001382 0.999998
0 0 0 0
0.04718 1.033203
-0.60376 3.461914 0.199951
-0.001382 0.001382 0.999998
0 0 0 0
0.311584 1.033203
0.598877 3.461914 0.199951
0.001382 0.001382 0.999998
0 0 0 0
0.678162 1.033203
0.669922 3.539551 0.199951
0.001382 0.001382 0.999998
0 0 0 0
0.699829 1.091919
-0.675049 3.539551 0.199951
-0.001382 0.001382 0.999998
0 0 0 0
0.392639 1.091919
2 0.199951 0.350098
1 0.000978 -0.000001
0 0 0 0
0.967102 1.240845
2 4 0.350098
1 0.000978 -0.000001
0 0 0 0
0.029053 1.240845
2 4 0.428955
1 0.000978 -0.000001
0 0 0 0
0.029053 1.221252
2 0.199951 0.428955
1 0.000978 -0.000001
0 0 0 0
0.967102 1.221252
2 0.199951 0.428955
0.001382 0.001382 0.999998
0 0 0 0
0.967163 1.033569
2 4 0.428955
0.001382 0.001382 0.999998
0 0 0 0
0.029053 1.033569
1.847168 4 0.428955
0.001382 0.001382 0.999998
0 0 0 0
0.029053 1.090393
1.847168 0.199951 0.428955
0.001382 0.001382 0.999998
0 0 0 0
0.967163 1.090393
2 4 0.428955
0.000978 1 -0.000001
0 0 0 0
0.002441 0.221619
1.847168 4 0.390869
0.000978 1 -0.000001
0 0 0 0
0.016174 0.276917
1.847168 4 0.428955
0.000978 1 -0.000001
0 0 0 0
0.002441 0.276917
2 4 0.350098
0.000978 1 -0.000001
0 0 0 0
0.030945 0.221619
1.321045 4 0.350098
0.000978 1 -0.000001
0 0 0 0
0.030945 0.467407
1.473877 4 0.390869
0.000978 1 -0.000001
0 0 0 0
0.016174 0.412109
1.321045 4 0.428955
0.000978 1 -0.000001
0 0 0 0
0.002441 0.467407
1.473877 4 0.428955
0.000978 1 -0.000001
0 0 0 0
0.002441 0.412109
1.847168 4 0.428955
-1 0.000978 -0.000001
0 0 0 0
0.029053 1.096497
1.847168 4 0.390869
-1 0.000978 -0.000001
0 0 0 0
0.029053 1.105957
1.847168 0.199951 0.390869
-1 0.000978 -0.000001
0 0 0 0
0.967102 1.105957
1.847168 0.199951 0.428955
-1 0.000978 -0.000001
0 0 0 0
0.967102 1.096497
1.473877 0.199951 0.428955
0.001382 0.001382 0.999998
0 0 0 0
0.967163 1.090393
1.473877 4 0.428955
0.001382 0.001382 0.999998
0 0 0 0
0.029053 1.090393
1.321045 4 0.428955
0.001382 0.001382 0.999998
0 0 0 0
0.029053 1.033569
1.321045 0.199951 0.428955
0.001382 0.001382 0.999998
0 0 0 0
0.967163 1.033569
1.473877 0.199951 0.428955
1 0.000978 -0.000001
0 0 0 0
0.967102 1.096497
1.473877 4 0.390869
1 0.000978 -0.000001
0 0 0 0
0.029053 1.105957
1.473877 4 0.428955
1 0.000978 -0.000001
0 0 0 0
0.029053 1.096497
1.473877 0.199951 0.390869
1 0.000978 -0.000001
0 0 0 0
0.967102 1.105957
1.321045 0.199951 0.428955
-1 0.000978 -0.000001
0 0 0 0
0.967102 1.221252
1.321045 4 0.428955
-1 0.000978 -0.000001
0 0 0 0
0.029053 1.221252
1.321045 4 0.350098
-1 0.000978 -0.000001
0 0 0 0
0.029053 1.240845
1.321045 0.199951 0.350098
-1 0.000978 -0.000001
0 0 0 0
0.967102 1.240845
1.847168 0.199951 0.390869
0.001382 0.001382 0.999998
0 0 0 0
0.967163 1.606262
1.847168 4 0.390869
0.001382 0.001382 0.999998
0 0 0 0
0.029053 1.606262
1.473877 4 0.390869
0.001382 0.001382 0.999998
0 0 0 0
0.029053 1.513245
1.473877 0.199951 0.390869
0.001382 0.001382 0.999998
0 0 0 0
0.967163 1.513245
2 0.199951 0.428955
0.000978 -1 -0.000001
0 0 0 0
0.002441 0.221619
1.847168 0.199951 0.428955
0.000978 -1 -0.000001
0 0 0 0
0.002441 0.276917
1.847168 0.199951 0.390869
0.000978 -1 -0.000001
0 0 0 0
0.016174 0.276917
2 0.199951 0.350098
0.000978 -1 -0.000001
0 0 0 0
0.030945 0.221619
1.321045 0.199951 0.350098
0.000978 -1 -0.000001
0 0 0 0
0.030945 0.467407
1.473877 0.199951 0.390869
0.000978 -1 -0.000001
0 0 0 0
0.016174 0.412109
1.321045 0.199951 0.428955
0.000978 -1 -0.000001
0 0 0 0
0.002441 0.467407
1.473877 0.199951 0.428955
0.000978 -1 -0.000001
0 0 0 0
0.002441 0.412109
-1.995117 0.199951 0.350098
-1 0.000978 -0.000001
0 0 0 0
0.967102 1.240845
-1.995117 0.199951 0.428955
-1 0.000978 -0.000001
0 0 0 0
0.967102 1.221252
-1.995117 4 0.428955
-1 0.000978 -0.000001
0 0 0 0
0.029053 1.221252
-1.995117 4 0.350098
-1 0.000978 -0.000001
0 0 0 0
0.029053 1.240845
-1.995117 0.199951 0.428955
0.001382 0.001382 0.999998
0 0 0 0
0.967163 1.033569
-1.842529 4 0.428955
0.001382 0.001382 0.999998
0 0 0 0
0.029053 1.090393
-1.995117 4 0.428955
0.001382 0.001382 0.999998
0 0 0 0
0.029053 1.033569
-1.842529 0.199951 0.428955
0.001382 0.001382 0.999998
0 0 0 0
0.967163 1.090393
-1.842529 4 0.390869
0.000978 1 -0.000001
0 0 0 0
0.016174 0.276917
-1.995117 4 0.428955
0.000978 1 -0.000001
0 0 0 0
0.002441 0.221619
-1.842529 4 0.428955
0.000978 1 -0.000001
0 0 0 0
0.002441 0.276917
-1.995117 4 0.350098
0.000978 1 -0.000001
0 0 0 0
0.030945 0.221619
-1.316406 4 0.350098
0.000978 1 -0.000001
0 0 0 0
0.030945 0.467407
-1.468994 4 0.390869
0.000978 1 -0.000001
0 0 0 0
0.016174 0.412109
-1.316406 4 0.428955
0.000978 1 -0.000001
0 0 0 0
0.002441 0.467407
-1.468994 4 0.428955
0.000978 1 -0.000001
0 0 0 0
0.002441 0.412109
-1.842529 4 0.428955
1 0.000978 -0.000001
0 0 0 0
0.029053 1.096497
-1.842529 0.199951 0.428955
1 0.000978 -0.000001
0 0 0 0
0.967102 1.096497
-1.842529 0.199951 0.390869
1 0.000978 -0.000001
0 0 0 0
0.967102 1.105957
-1.842529 4 0.390869
1 0.000978 -0.000001
0 0 0 0
0.029053 1.105957
-1.468994 0.199951 0.428955
0.001382 0.001382 0.999998
0 0 0 0
0.967163 1.090393
-1.316406 0.199951 0.428955
0.001382 0.001382 0.999998
0 0 0 0
0.967163 1.033569
-1.316406 4 0.428955
0.001382 0.001382 0.999998
0 0 0 0
0.029053 1.033569
-1.468994 4 0.428955
0.001382 0.001382 0.999998
0 0 0 0
0.029053 1.090393
-1.316406 0.199951 0.428955
1 0.000978 -0.000001
0 0 0 0
0.967102 1.221252
-1.316406 4 0.350098
1 0.000978 -0.000001
0 0 0 0
0.029053 1.240845
-1.316406 4 0.428955
1 0.000978 -0.000001
0 0 0 0
0.029053 1.221252
-1.316406 0.199951 0.350098
1 0.000978 -0.000001
0 0 0 0
0.967102 1.240845
-1.468994 0.199951 0.428955
-1 0.000978 -0.000001
0 0 0 0
0.967102 1.096497
-1.468994 4 0.428955
-1 0.000978 -0.000001
0 0 0 0
0.029053 1.096497
-1.468994 4 0.390869
-1 0.000978 -0.000001
0 0 0 0
0.029053 1.105957
-1.468994 0.199951 0.390869
-1 0.000978 -0.000001
0 0 0 0
0.967102 1.105957
-1.842529 0.199951 0.390869
0.001382 0.001382 0.999998
0 0 0 0
0.967163 1.606262
-1.468994 0.199951 0.390869
0.001382 0.001382 0.999998
0 0 0 0
0.967163 1.513245
-1.468994 4 0.390869
0.001382 0.001382 0.999998
0 0 0 0
0.029053 1.513245
-1.842529 4 0.390869
0.001382 0.001382 0.999998
0 0 0 0
0.029053 1.606262
-1.995117 0.199951 0.428955
0.000978 -1 -0.000001
0 0 0 0
0.002441 0.221619
-1.842529 0.199951 0.390869
0.000978 -1 -0.000001
0 0 0 0
0.016174 0.276917
-1.842529 0.199951 0.428955
0.000978 -1 -0.000001
0 0 0 0
0.002441 0.276917
-1.995117 0.199951 0.350098
0.000978 -1 -0.000001
0 0 0 0
0.030945 0.221619
-1.468994 0.199951 0.390869
0.000978 -1 -0.000001
0 0 0 0
0.016174 0.412109
-1.316406 0.199951 0.350098
0.000978 -1 -0.000001
0 0 0 0
0.030945 0.467407
-1.316406 0.199951 0.428955
0.000978 -1 -0.000001
0 0 0 0
0.002441 0.467407
-1.468994 0.199951 0.428955
0.000978 -1 -0.000001
0 0 0 0
0.002441 0.412109
-1 4 0.253662
0.000978 1 -0.000001
0 0 0 0
1.748657 1.119385
-1 4 0.199951
0.000978 1 -0.000001
0 0 0 0
1.748657 1.13269
-2 4 0.199951
0.000978 1 -0.000001
0 0 0 0
1.997681 1.13269
-2 4 0.350098
0.000978 1 -0.000001
0 0 0 0
1.997681 1.095337
-1 4 0.350098
0.000978 1 -0.000001
0 0 0 0
1.748657 1.095337
-1 0.199951 0.253662
0.000978 -1 -0.000001
0 0 0 0
1.748657 1.119385
-2 0.199951 0.199951
0.000978 -1 -0.000001
0 0 0 0
1.997681 1.13269
-1 0.199951 0.199951
0.000978 -1 -0.000001
0 0 0 0
1.748657 1.13269
-2 0.199951 0.350098
0.000978 -1 -0.000001
0 0 0 0
1.997681 1.095337
-1 0.199951 0.350098
0.000978 -1 -0.000001
0 0 0 0
1.748657 1.095337
2 4 0.199951
0.000978 1 -0.000001
0 0 0 0
1.997681 1.13269
1 4 0.199951
0.000978 1 -0.000001
0 0 0 0
1.748657 1.13269
1 4 0.253662
0.000978 1 -0.000001
0 0 0 0
1.748657 1.119385
1 4 0.350098
0.000978 1 -0.000001
0 0 0 0
1.748657 1.095337
2 4 0.350098
0.000978 1 -0.000001
0 0 0 0
1.997681 1.095337
2 0.199951 0.199951
0.000978 -1 -0.000001
0 0 0 0
1.997681 1.13269
1 0.199951 0.253662
0.000978 -1 -0.000001
0 0 0 0
1.748657 1.119385
1 0.199951 0.199951
0.000978 -1 -0.000001
0 0 0 0
1.748657 1.13269
1 0.199951 0.350098
0.000978 -1 -0.000001
0 0 0 0
1.748657 1.095337
2 0.199951 0.350098
0.000978 -1 -0.000001
0 0 0 0
1.997681 1.095337
-2 0.199951 0.350098
0.001382 0.001382 0.999998
0 0 0 0
-0.022095 0.220398
-1 0.199951 0.350098
0.001382 0.001382 0.999998
0 0 0 0
-0.022095 0.466431
-1 0.6604 0.350098
0.001382 0.001382 0.999998
0 0 0 0
-0.130737 0.466431
-2 0.6604 0.350098
0.001382 0.001382 0.999998
0 0 0 0
-0.130737 0.220398
-2 3.539551 0.350098
0.001382 0.001382 0.999998
0 0 0 0
-0.866516 0.220398
-1 3.539551 0.350098
0.001382 0.001382 0.999998
0 0 0 0
-0.866516 0.466431
-1 4 0.350098
0.001382 0.001382 0.999998
0 0 0 0
-0.977112 0.466431
-2 4 0.350098
0.001382 0.001382 0.999998
0 0 0 0
-0.977112 0.220398
-2 0.199951 0.350098
-1 -0.000977 -0.000001
0 0 0 0
1.981262 1.032654
-2 0.6604 0.199951
-1 0.000978 -0.000001
0 0 0 0
1.871826 1.070007
-2 0.199951 0.199951
-1 -0.000977 -0.000001
0 0 0 0
1.981262 1.070007
-2 0.6604 0.350098
-1 0.000978 -0.000001
0 0 0 0
1.871826 1.032654
-2 3.539551 0.350098
-1 0.000978 -0.000001
0 0 0 0
1.130554 1.032654
-2 3.539551 0.199951
-1 0.000978 -0.000001
0 0 0 0
1.130554 1.070007
-2 4 0.350098
-1 0.000978 -0.000001
0 0 0 0
1.019104 1.032654
-2 4 0.199951
-1 0.000978 -0.000001
0 0 0 0
1.019104 1.070007
2 4 0.350098
1 0.000978 -0.000001
0 0 0 0
1.019104 1.032654
2 3.539551 0.199951
1 0.000978 -0.000001
0 0 0 0
1.130554 1.070007
2 4 0.199951
1 0.000978 -0.000001
0 0 0 0
1.019104 1.070007
2 3.539551 0.350098
1 0.000978 -0.000001
0 0 0 0
1.130554 1.032654
2 0.6604 0.350098
1 0.000978 -0.000001
0 0 0 0
1.871826 1.032654
2 0.6604 0.199951
1 0.000978 -0.000001
0 0 0 0
1.871826 1.070007
2 0.199951 0.350098
1 0.000978 -0.000001
0 0 0 0
1.981262 1.032654
2 0.199951 0.199951
1 0.000978 -0.000001
0 0 0 0
1.981262 1.070007
-1 4 0.350098
1 0.000978 -0.000001
0 0 0 0
1.019104 1.001587
-1 3.539551 0.253662
1 -0.000977 -0.000001
0 0 0 0
1.130554 1.025574
-1 4 0.253662
1 0.000978 -0.000001
0 0 0 0
1.019104 1.025574
-1 3.539551 0.350098
1 -0.000977 -0.000001
0 0 0 0
1.130554 1.001587
-1 0.6604 0.350098
1 0.000978 -0.000001
0 0 0 0
1.871826 1.001587
-1 0.6604 0.253662
1 0.000978 -0.000001
0 0 0 0
1.871826 1.025574
-1 0.199951 0.350098
1 0.000978 -0.000001
0 0 0 0
1.981262 1.001587
-1 0.199951 0.253662
1 0.000978 -0.000001
0 0 0 0
1.981262 1.025574
1 0.199951 0.350098
0.001382 0.001382 0.999998
0 0 0 0
-0.022095 0.466431
2 0.199951 0.350098
0.001382 0.001382 0.999998
0 0 0 0
-0.022095 0.220398
2 0.6604 0.350098
0.001382 0.001382 0.999998
0 0 0 0
-0.130737 0.220398
1 0.6604 0.350098
0.001382 0.001382 0.999998
0 0 0 0
-0.130737 0.466431
2 3.539551 0.350098
0.001382 0.001382 0.999998
0 0 0 0
-0.866516 0.220398
1 3.539551 0.350098
0.001382 0.001382 0.999998
0 0 0 0
-0.866516 0.466431
2 4 0.350098
0.001382 0.001382 0.999998
0 0 0 0
-0.977112 0.220398
1 4 0.350098
0.001382 0.001382 0.999998
0 0 0 0
-0.977112 0.466431
1 0.199951 0.350098
-1 0.000978 -0.000001
0 0 0 0
1.981262 1.001587
1 0.6604 0.253662
-1 0.000978 -0.000001
0 0 0 0
1.871826 1.025574
1 0.199951 0.253662
-1 0.000978 -0.000001
0 0 0 0
1.981262 1.025574
1 0.6604 0.350098
-1 0.000978 -0.000001
0 0 0 0
1.871826 1.001587
1 3.539551 0.350098
-1 0.000978 -0.000001
0 0 0 0
1.130554 1.001587
1 3.539551 0.253662
-1 0.000978 -0.000001
0 0 0 0
1.130554 1.025574
1 4 0.350098
-1 0.000978 -0.000001
0 0 0 0
1.019104 1.001587
1 4 0.253662
-1 0.000978 -0.000001
0 0 0 0
1.019104 1.025574
2 0 0.428955
1 0.000978 -0.000001
0 0 0 0
0.125793 0.907043
2 0 0.199951
1 0.000978 -0.000001
0 0 0 0
0.125793 0.999146
2 0.199951 0.199951
1 0.000978 -0.000001
0 0 0 0
0.21814 0.999146
2 0.199951 0.428955
1 0.000978 -0.000001
0 0 0 0
0.21814 0.907043
-2 0.199951 0.428955
0.000978 1 -0.000001
0 0 0 0
0.976257 0.09491
2 0.199951 0.428955
0.000978 1 -0.000001
0 0 0 0
0.500549 0.09491
2 0.199951 0.199951
0.000978 1 -0.000001
0 0 0 0
0.500549 0.107361
-2 0.199951 0.199951
0.000978 1 -0.000001
0 0 0 0
0.976257 0.107361
-2 0 0.199951
-1 0.000978 -0.000001
0 0 0 0
0.125793 0.999146
-2 0.199951 0.428955
-1 0.000978 -0.000001
0 0 0 0
0.21814 0.907043
-2 0.199951 0.199951
-1 -0.000977 -0.000001
0 0 0 0
0.21814 0.999146
-2 0 0.428955
-1 0.000978 -0.000001
0 0 0 0
0.125793 0.907043
-2 0 0.428955
0.001382 0.001382 0.999998
0 0 0 0
0.976257 0.033386
2 0 0.428955
0.001382 0.001382 0.999998
0 0 0 0
0.500549 0.033386
2 0.199951 0.428955
0.001382 0.001382 0.999998
0 0 0 0
0.500549 0.093323
-2 0.199951 0.428955
0.001382 0.001382 0.999998
0 0 0 0
0.976257 0.093323
-2 0 0.199951
0.000978 -1 -0.000001
0 0 0 0
0.976257 0.107483
2 0 0.199951
0.000978 -1 -0.000001
0 0 0 0
0.500549 0.107483
2 0 0.428955
0.000978 -1 -0.000001
0 0 0 0
0.500549 0.095032
-2 0 0.428955
0.000978 -1 -0.000001
0 0 0 0
0.976257 0.095032
202
2 1 0
3 2 0
6 5 4
7 6 4
10 9 8
11 10 8
14 13 12
13 15 12
18 17 16
19 18 16
20 19 16
23 22 21
22 24 21
24 25 21
28 27 26
29 28 26
32 31 30
33 32 30
36 35 34
37 36 34
40 39 38
41 40 38
44 43 42
43 45 42
48 47 46
49 48 46
52 51 50
53 52 50
56 55 54
57 56 54
60 59 58
61 60 58
64 63 62
65 64 62
68 67 66
67 69 66
72 71 70
73 72 70
76 75 74
75 77 74
80 79 78
81 80 78
84 83 82
85 84 82
88 87 86
89 88 86
92 91 90
93 92 90
96 95 94
97 96 94
100 99 98
101 100 98
104 103 102
105 104 102
108 107 106
109 108 106
112 111 110
113 112 110
116 115 114
117 116 114
120 119 118
119 121 118
124 123 122
125 124 122
128 127 126
129 128 126
132 131 130
133 132 130
136 135 134
137 136 134
140 139 138
139 141 138
144 143 142
145 144 142
148 147 146
149 148 146
152 151 150
153 152 150
156 155 154
157 156 154
160 159 158
159 161 158
164 163 162
165 164 162
168 167 166
169 168 166
172 171 170
173 172 170
176 175 174
177 176 174
180 179 178
181 180 178
184 183 182
185 184 182
188 187 186
189 188 186
192 191 190
191 193 190
194 193 191
195 194 191
194 195 196
195 197 196
200 199 198
201 200 198
204 203 202
205 204 202
208 207 206
207 209 206
212 211 210
213 212 210
216 215 214
217 216 214
220 219 218
221 220 218
221 222 220
222 223 220
223 222 224
225 223 224
228 227 226
229 228 226
232 231 230
231 233 230
236 235 234
235 237 234
237 238 234
238 239 234
239 238 240
241 239 240
244 243 242
245 244 242
248 247 246
249 248 246
252 251 250
251 253 250
256 255 254
257 256 254
260 259 258
261 260 258
264 263 262
263 265 262
265 263 266
267 265 266
268 267 266
269 268 266
272 271 270
273 272 270
274 273 270
277 276 275
276 278 275
278 279 275
282 281 280
283 282 280
284 283 280
287 286 285
286 288 285
288 289 285
292 291 290
293 292 290
292 293 294
295 292 294
296 295 294
297 296 294
300 299 298
299 301 298
302 301 299
303 302 299
304 302 303
305 304 303
308 307 306
307 309 306
310 309 307
311 310 307
312 310 311
313 312 311
316 315 314
315 317 314
318 317 315
319 318 315
320 318 319
321 320 319
324 323 322
325 324 322
326 324 325
327 326 325
328 326 327
329 328 327
332 331 330
331 333 330
334 333 331
335 334 331
336 334 335
337 336 335
340 339 338
341 340 338
344 343 342
345 344 342
348 347 346
347 349 346
352 351 350
353 352 350
356 355 354
357 356 354
