0
6
sm00_material\environment\template\architecture\gbl_arch_Window_Mtg_V2_4x4_01\gbl_arch_Window_Mts_V2_4x4_01.material
1
0
12
-1.23291 0.998291 0.019531
0.001382 0.001382 0.999998
0 0 0 0
0.204285 0.687378
-0.346191 0.998291 0.019531
0.001382 0.001382 0.999998
0 0 0 0
0.420532 0.687378
-0.346191 2 0.019531
0.001382 0.001382 0.999998
0 0 0 0
0.420532 0.444519
-1.23291 2 0.019531
0.001382 0.001382 0.999998
0 0 0 0
0.204285 0.444519
-0.346191 3.001709 0.019531
0.001382 0.001382 0.999998
0 0 0 0
0.420532 0.198914
-1.23291 3.001709 0.019531
0.001382 0.001382 0.999998
0 0 0 0
0.204285 0.198914
0.353027 0.998291 0.019531
0.001382 0.001382 0.999998
0 0 0 0
-0.402649 0.687378
1.23291 0.998291 0.019531
0.001382 0.001382 0.999998
0 0 0 0
-0.190491 0.687378
1.23291 2 0.019531
0.001382 0.001382 0.999998
0 0 0 0
-0.190491 0.445679
0.353027 2 0.019531
0.001382 0.001382 0.999998
0 0 0 0
-0.402649 0.445679
1.23291 3.001709 0.019531
0.001382 0.001382 0.999998
0 0 0 0
-0.190491 0.200928
0.353027 3.001709 0.019531
0.001382 0.001382 0.999998
0 0 0 0
-0.402649 0.200928
8
2 1 0
3 2 0
4 2 3
5 4 3
8 7 6
9 8 6
10 8 9
11 10 9
sm01_material\environment\template\architecture\gbl_arch_concrete_01\jn_gbl_arch_concrete_01.material
1
0
36
-1.257324 0.973877 0.100098
0.001382 0.001382 0.999998
0 0 0 0
-0.478638 0.858643
-1.314941 0 0.100098
0.001382 0.001382 0.999998
0 0 0 0
-0.492249 1.194885
-0.30542 0 0.100098
0.001382 0.001382 0.999998
0 0 0 0
-0.143738 1.194885
-0.321777 0.973877 0.100098
0.001382 0.001382 0.999998
0 0 0 0
-0.15564 0.858643
-0.30542 2 0.100098
0.001382 0.001382 0.999998
0 0 0 0
-0.143738 0.509094
-0.321777 2 0.100098
0.001382 0.001382 0.999998
0 0 0 0
-0.15564 0.509094
-0.321777 3.026123 0.100098
0.001382 0.001382 0.999998
0 0 0 0
-0.15564 0.150269
-0.30542 3.205566 0.100098
0.001382 0.001382 0.999998
0 0 0 0
-0.143738 0.088257
-1.257324 3.026123 0.100098
0.001382 0.001382 0.999998
0 0 0 0
-0.478638 0.150208
-1.314941 3.205566 0.100098
0.001382 0.001382 0.999998
0 0 0 0
-0.492249 0.088257
-1.314941 2 0.100098
0.001382 0.001382 0.999998
0 0 0 0
-0.492249 0.509094
-1.257324 2 0.100098
0.001382 0.001382 0.999998
0 0 0 0
-0.478638 0.509094
-1.160645 3.341553 0.100098
0.001382 0.001382 0.999998
0 0 0 0
-0.445251 0.04126
-1.314941 4 0.100098
0.001382 0.001382 0.999998
0 0 0 0
-0.492249 -0.186035
-1.160645 3.86377 0.100098
0.001382 0.001382 0.999998
0 0 0 0
-0.445251 -0.139038
-0.30542 4 0.100098
0.001382 0.001382 0.999998
0 0 0 0
-0.143738 -0.186035
-0.42334 3.86377 0.100098
0.001382 0.001382 0.999998
0 0 0 0
-0.190735 -0.139038
-0.42334 3.341553 0.100098
0.001382 0.001382 0.999998
0 0 0 0
-0.190735 0.04126
0.328613 0.973877 0.100098
0.001382 0.001382 0.999998
0 0 0 0
0.157898 0.858643
0.287354 0 0.100098
0.001382 0.001382 0.999998
0 0 0 0
0.143616 1.194885
1.296875 0 0.100098
0.001382 0.001382 0.999998
0 0 0 0
0.492126 1.194885
1.257324 0.973877 0.100098
0.001382 0.001382 0.999998
0 0 0 0
0.478516 0.858643
1.296875 2 0.100098
-0.001382 0.001382 0.999998
0 0 0 0
0.492126 0.509094
1.257324 2 0.100098
-0.001382 0.001382 0.999998
0 0 0 0
0.478516 0.509094
1.257324 3.026123 0.100098
0.001382 0.001382 0.999998
0 0 0 0
0.478516 0.150208
1.296875 3.205566 0.100098
0.001382 0.001382 0.999998
0 0 0 0
0.492126 0.088257
0.328613 3.026123 0.100098
0.001382 0.001382 0.999998
0 0 0 0
0.157837 0.150269
0.287354 3.205566 0.100098
0.001382 0.001382 0.999998
0 0 0 0
0.143616 0.088257
0.287354 2 0.100098
0.001382 0.001382 0.999998
0 0 0 0
0.143616 0.509094
0.328613 2 0.100098
0.001382 0.001382 0.999998
0 0 0 0
0.157837 0.509094
1.160645 3.341553 0.100098
0.001382 0.001382 0.999998
0 0 0 0
0.445129 0.04126
0.42334 3.341553 0.100098
0.001382 0.001382 0.999998
0 0 0 0
0.190613 0.04126
0.287354 4 0.100098
0.001382 0.001382 0.999998
0 0 0 0
0.143616 -0.186035
0.42334 3.86377 0.100098
0.001382 0.001382 0.999998
0 0 0 0
0.190613 -0.139038
1.160645 3.86377 0.100098
0.001382 0.001382 0.999998
0 0 0 0
0.445129 -0.139038
1.296875 4 0.100098
0.001382 0.001382 0.999998
0 0 0 0
0.492126 -0.186035
40
2 1 0
3 2 0
4 2 3
5 4 3
4 5 6
7 4 6
6 8 7
8 9 7
10 9 8
11 10 8
10 11 0
1 10 0
7 9 12
12 9 13
14 12 13
14 13 15
16 14 15
16 15 7
17 16 7
17 7 12
20 19 18
21 20 18
22 20 21
23 22 21
22 23 24
25 22 24
24 26 25
26 27 25
28 27 26
29 28 26
28 29 18
19 28 18
30 25 27
31 30 27
31 27 32
33 31 32
33 32 34
32 35 34
34 35 25
30 34 25
sm02_material\environment\global\procedural\gbl_proc_Stain_Decal_Random_01\jn_gbl_proc_stain_trim_decal_random_01.material
1
0
16
-1.238281 0.086182 0.105713
0.001382 0.001382 0.999998
0 0 0 0
0.993958 0.955688
-0.347656 0.086182 0.105713
0.001382 0.001382 0.999998
0 0 0 0
-0.002075 0.955688
-0.347656 0.998291 0.105713
0.001382 0.001382 0.999998
0 0 0 0
-0.002075 0.008118
-1.238281 0.998291 0.105713
0.001382 0.001382 0.999998
0 0 0 0
0.993958 0.008118
0.347656 0.365479 0.105713
0.001382 0.001382 0.999998
0 0 0 0
-0.002075 0.955688
1.238281 0.365479 0.105713
0.001382 0.001382 0.999998
0 0 0 0
0.993958 0.955688
1.238281 0.998291 0.105713
0.001382 0.001382 0.999998
0 0 0 0
0.993958 0.008118
0.347656 0.998291 0.105713
0.001382 0.001382 0.999998
0 0 0 0
-0.002075 0.008118
0.431641 3.163086 0.105713
0.001382 0.001382 0.999998
0 0 0 0
0.993958 0.955688
1.156982 3.163086 0.105713
0.001382 0.001382 0.999998
0 0 0 0
-0.002075 0.955688
1.156982 3.375732 0.105713
0.001382 0.001382 0.999998
0 0 0 0
-0.002075 0.008118
0.431641 3.375732 0.105713
0.001382 0.001382 0.999998
0 0 0 0
0.993958 0.008118
-1.154297 3.027832 0.105713
0.001382 0.001382 0.999998
0 0 0 0
-0.002075 0.955688
-0.428955 3.027832 0.105713
0.001382 0.001382 0.999998
0 0 0 0
0.993958 0.955688
-0.428955 3.375732 0.105713
0.001382 0.001382 0.999998
0 0 0 0
0.993958 0.008118
-1.154297 3.375732 0.105713
0.001382 0.001382 0.999998
0 0 0 0
-0.002075 0.008118
8
2 1 0
3 2 0
6 5 4
7 6 4
10 9 8
11 10 8
14 13 12
15 14 12
sm03_material\environment\template\architecture\gbl_arch_brass_trim_01\mo_gbl_arch_brushed_metal_trim_01_shiny.material
1
0
120
-1.23291 0.998291 0.100098
0.000978 1 -0.000001
0 0 0 0
0.074707 0.001526
-0.346191 0.998291 0.100098
0.000978 1 -0.000001
0 0 0 0
0.41925 0.001526
-0.346191 0.998291 0.019531
0.000978 1 -0.000001
0 0 0 0
0.41925 0.019104
-1.23291 0.998291 0.019531
0.000978 1 -0.000001
0 0 0 0
0.074707 0.019104
-0.346191 0.998291 0.100098
-1 0.000978 -0.000001
0 0 0 0
0.852661 0.001526
-0.346191 2 0.019531
-1 0.000978 -0.000001
0 0 0 0
0.468933 0.019104
-0.346191 0.998291 0.019531
-1 0.000978 -0.000001
0 0 0 0
0.852661 0.019104
-0.346191 2 0.100098
-1 0.000978 -0.000001
0 0 0 0
0.468933 0.001526
-0.346191 3.001709 0.100098
-1 0.000978 -0.000001
0 0 0 0
0.074707 0.001526
-0.346191 3.001709 0.019531
-1 0.000978 -0.000001
0 0 0 0
0.074707 0.019104
-0.346191 3.001709 0.100098
0.000978 -1 -0.000001
0 0 0 0
0.41925 0.001526
-1.23291 3.001709 0.100098
0.000978 -1 -0.000001
0 0 0 0
0.074707 0.001526
-1.23291 3.001709 0.019531
0.000978 -1 -0.000001
0 0 0 0
0.074707 0.019104
-0.346191 3.001709 0.019531
0.000978 -1 -0.000001
0 0 0 0
0.41925 0.019104
-1.23291 3.001709 0.100098
1 0.000978 -0.000001
0 0 0 0
0.074707 0.001526
-1.23291 2 0.019531
1 0.000978 -0.000001
0 0 0 0
0.468933 0.019104
-1.23291 3.001709 0.019531
1 0.000978 -0.000001
0 0 0 0
0.074707 0.019104
-1.23291 2 0.100098
1 0.000978 -0.000001
0 0 0 0
0.468933 0.001526
-1.23291 0.998291 0.100098
1 0.000978 -0.000001
0 0 0 0
0.852661 0.001526
-1.23291 0.998291 0.019531
1 0.000978 -0.000001
0 0 0 0
0.852661 0.019104
0.353027 0.998291 0.100098
0.000978 1 -0.000001
0 0 0 0
0.074707 0.001526
1.23291 0.998291 0.100098
0.000978 1 -0.000001
0 0 0 0
0.416565 0.001526
1.23291 0.998291 0.019531
0.000978 1 -0.000001
0 0 0 0
0.416565 0.019104
0.353027 0.998291 0.019531
0.000978 1 -0.000001
0 0 0 0
0.074707 0.019104
1.23291 0.998291 0.100098
-1 0.000978 -0.000001
0 0 0 0
0.852661 0.001526
1.23291 2 0.019531
-1 0.000978 -0.000001
0 0 0 0
0.468933 0.019104
1.23291 0.998291 0.019531
-1 0.000978 -0.000001
0 0 0 0
0.852661 0.019104
1.23291 2 0.100098
-1 0.000978 -0.000001
0 0 0 0
0.468933 0.001526
1.23291 3.001709 0.100098
-1 0.000978 -0.000001
0 0 0 0
0.074707 0.001526
1.23291 3.001709 0.019531
-1 0.000978 -0.000001
0 0 0 0
0.074707 0.019104
1.23291 3.001709 0.100098
0.000978 -1 -0.000001
0 0 0 0
0.416565 0.001526
0.353027 3.001709 0.100098
0.000978 -1 -0.000001
0 0 0 0
0.074707 0.001526
0.353027 3.001709 0.019531
0.000978 -1 -0.000001
0 0 0 0
0.074707 0.019104
1.23291 3.001709 0.019531
0.000978 -1 -0.000001
0 0 0 0
0.416565 0.019104
0.353027 3.001709 0.100098
1 0.000978 -0.000001
0 0 0 0
0.074707 0.001526
0.353027 2 0.019531
1 0.000978 -0.000001
0 0 0 0
0.469177 0.019104
0.353027 3.001709 0.019531
1 0.000978 -0.000001
0 0 0 0
0.074707 0.019104
0.353027 2 0.100098
1 0.000978 -0.000001
0 0 0 0
0.469177 0.001526
0.353027 0.998291 0.100098
1 0.000978 -0.000001
0 0 0 0
0.853149 0.001526
0.353027 0.998291 0.019531
1 0.000978 -0.000001
0 0 0 0
0.853149 0.019104
-0.346191 3.001709 0.100098
-0.001382 0.001382 0.999998
0 0 0 0
0.954834 0.032776
-0.321777 2 0.100098
0.001382 0.001382 0.999998
0 0 0 0
0.492737 0.061035
-0.321777 3.026123 0.100098
0.001382 0.001382 0.999998
0 0 0 0
0.966064 0.061035
-0.346191 2 0.100098
-0.001382 0.001382 0.999998
0 0 0 0
0.492737 0.032776
-0.346191 0.998291 0.100098
0.001382 0.001382 0.999998
0 0 0 0
0.042725 0.032776
-0.321777 0.973877 0.100098
0.001382 0.001382 0.999998
0 0 0 0
0.031738 0.061035
-1.257324 3.026123 0.100098
0.001382 0.001382 0.999998
0 0 0 0
0.457825 0.061035
-0.346191 3.001709 0.100098
-0.001382 0.001382 0.999998
0 0 0 0
0.042847 0.032776
-0.321777 3.026123 0.100098
0.001382 0.001382 0.999998
0 0 0 0
0.031738 0.061035
-1.23291 3.001709 0.100098
0.001382 0.001382 0.999998
0 0 0 0
0.446716 0.032776
-0.346191 0.998291 0.100098
0.001382 0.001382 0.999998
0 0 0 0
0.446838 0.032776
-1.23291 0.998291 0.100098
0.001382 0.001382 0.999998
0 0 0 0
0.042847 0.032776
-1.257324 0.973877 0.100098
0.001382 0.001382 0.999998
0 0 0 0
0.031738 0.061035
-0.321777 0.973877 0.100098
0.001382 0.001382 0.999998
0 0 0 0
0.457947 0.061035
-1.23291 0.998291 0.100098
0.001382 0.001382 0.999998
0 0 0 0
0.955505 0.032776
-1.257324 2 0.100098
0.001382 0.001382 0.999998
0 0 0 0
0.50531 0.061035
-1.257324 0.973877 0.100098
0.001382 0.001382 0.999998
0 0 0 0
0.966492 0.061035
-1.23291 2 0.100098
0.001382 0.001382 0.999998
0 0 0 0
0.50531 0.032776
-1.23291 3.001709 0.100098
0.001382 0.001382 0.999998
0 0 0 0
0.04303 0.032776
-1.257324 3.026123 0.100098
0.001382 0.001382 0.999998
0 0 0 0
0.031738 0.061035
1.23291 3.001709 0.100098
-0.001382 0.001382 0.999998
0 0 0 0
0.954895 0.032776
1.257324 2 0.100098
-0.001382 0.001382 0.999998
0 0 0 0
0.492737 0.061035
1.257324 3.026123 0.100098
0.001382 0.001382 0.999998
0 0 0 0
0.966125 0.061035
1.23291 2 0.100098
-0.001382 0.001382 0.999998
0 0 0 0
0.492737 0.032776
1.23291 0.998291 0.100098
0.001382 0.001382 0.999998
0 0 0 0
0.042725 0.032776
1.257324 0.973877 0.100098
0.001382 0.001382 0.999998
0 0 0 0
0.031738 0.061035
0.353027 3.001709 0.100098
0.001382 0.001382 0.999998
0 0 0 0
0.443115 0.032776
1.23291 3.001709 0.100098
-0.001382 0.001382 0.999998
0 0 0 0
0.042847 0.032776
1.257324 3.026123 0.100098
0.001382 0.001382 0.999998
0 0 0 0
0.031738 0.061035
0.328613 3.026123 0.100098
0.001382 0.001382 0.999998
0 0 0 0
0.454224 0.061035
1.257324 0.973877 0.100098
0.001382 0.001382 0.999998
0 0 0 0
0.45459 0.061035
0.353027 0.998291 0.100098
0.001382 0.001382 0.999998
0 0 0 0
0.042847 0.032776
0.328613 0.973877 0.100098
0.001382 0.001382 0.999998
0 0 0 0
0.031738 0.061035
1.23291 0.998291 0.100098
0.001382 0.001382 0.999998
0 0 0 0
0.443481 0.032776
0.353027 0.998291 0.100098
0.001382 0.001382 0.999998
0 0 0 0
0.953674 0.032776
0.328613 2 0.100098
0.001382 0.001382 0.999998
0 0 0 0
0.504395 0.061035
0.328613 0.973877 0.100098
0.001382 0.001382 0.999998
0 0 0 0
0.964661 0.061035
0.353027 2 0.100098
0.001382 0.001382 0.999998
0 0 0 0
0.504395 0.032776
0.353027 3.001709 0.100098
0.001382 0.001382 0.999998
0 0 0 0
0.042969 0.032776
0.328613 3.026123 0.100098
0.001382 0.001382 0.999998
0 0 0 0
0.031738 0.061035
-1.130615 3.381348 0.127197
0.710651 0.001276 0.703544
0 0 0 0
0.92981 0.03241
-1.114502 3.387695 0.110596
0.710651 0.001276 0.703544
0 0 0 0
0.917175 0.060669
-1.114502 3.817627 0.110596
0.710651 0.001276 0.703544
0 0 0 0
0.09314 0.060669
-1.130615 3.824219 0.127197
0.710651 0.001276 0.703544
0 0 0 0
0.080505 0.03241
-0.469727 3.817627 0.110596
-0.710651 0.001276 0.703544
0 0 0 0
0.917664 0.060669
-0.469727 3.387695 0.110596
-0.710651 0.001276 0.703544
0 0 0 0
0.093079 0.060669
-0.453369 3.381348 0.127197
-0.710651 0.001276 0.703544
0 0 0 0
0.080505 0.03241
-0.453369 3.824219 0.127197
-0.710651 0.001276 0.703544
0 0 0 0
0.930115 0.03241
0.469727 3.387695 0.110596
0.676297 0.001288 0.736628
0 0 0 0
0.845276 0.060669
0.469727 3.817627 0.110596
0.676297 0.001288 0.736628
0 0 0 0
0.094116 0.060669
0.45166 3.825439 0.127197
0.676297 0.001288 0.736628
0 0 0 0
0.080505 0.03241
0.45166 3.379883 0.127197
0.676297 0.001288 0.736628
0 0 0 0
0.859009 0.03241
1.114502 3.817627 0.110596
-0.676296 0.001288 0.736628
0 0 0 0
0.845093 0.060669
1.114502 3.387695 0.110596
-0.676296 0.001288 0.736628
0 0 0 0
0.094238 0.060669
1.132324 3.379883 0.127197
-0.676296 0.001288 0.736628
0 0 0 0
0.080505 0.03241
1.132324 3.825439 0.127197
-0.676296 0.001288 0.736628
0 0 0 0
0.858887 0.03241
0.317871 1.759033 0.065674
0.001382 0.001382 0.999998
0 0 0 0
0.9776 0.033264
1.238525 1.759033 0.065674
0.001382 0.001382 0.999998
0 0 0 0
0.048401 0.033264
1.238525 1.812256 0.065674
0.001382 0.001382 0.999998
0 0 0 0
0.048401 0.089844
0.317871 1.812256 0.065674
0.001382 0.001382 0.999998
0 0 0 0
0.9776 0.089844
0.317871 1.812256 0.065674
0.000978 1 -0.000001
0 0 0 0
0.9776 0.033264
1.238525 1.812256 0.065674
0.000978 1 -0.000001
0 0 0 0
0.048401 0.033264
1.238525 1.812256 0.012207
0.000978 1 -0.000001
0 0 0 0
0.048401 0.089844
0.317871 1.812256 0.012207
0.000978 1 -0.000001
0 0 0 0
0.9776 0.089844
0.317871 1.759033 0.012207
0.000978 -1 -0.000001
0 0 0 0
0.932983 0.033264
1.238525 1.759033 0.012207
0.000978 -1 -0.000001
0 0 0 0
0.093079 0.033264
1.238525 1.759033 0.065674
0.000978 -1 -0.000001
0 0 0 0
0.093079 0.089844
0.317871 1.759033 0.065674
0.000978 -1 -0.000001
0 0 0 0
0.932983 0.089844
-1.23999 1.759033 0.065674
0.001382 0.001382 0.999998
0 0 0 0
0.9776 0.033264
-0.31958 1.759033 0.065674
0.001382 0.001382 0.999998
0 0 0 0
0.048401 0.033264
-0.31958 1.812256 0.065674
0.001382 0.001382 0.999998
0 0 0 0
0.048401 0.089844
-1.23999 1.812256 0.065674
0.001382 0.001382 0.999998
0 0 0 0
0.9776 0.089844
-1.23999 1.812256 0.065674
0.000978 1 -0.000001
0 0 0 0
0.9776 0.033264
-0.31958 1.812256 0.065674
0.000978 1 -0.000001
0 0 0 0
0.048401 0.033264
-0.31958 1.812256 0.012207
0.000978 1 -0.000001
0 0 0 0
0.048401 0.089844
-1.23999 1.812256 0.012207
0.000978 1 -0.000001
0 0 0 0
0.9776 0.089844
-1.23999 1.759033 0.012207
0.000978 -1 -0.000001
0 0 0 0
0.932983 0.033264
-0.31958 1.759033 0.012207
0.000978 -1 -0.000001
0 0 0 0
0.093079 0.033264
-0.31958 1.759033 0.065674
0.000978 -1 -0.000001
0 0 0 0
0.093079 0.089844
-1.23999 1.759033 0.065674
0.000978 -1 -0.000001
0 0 0 0
0.932983 0.089844
68
2 1 0
3 2 0
6 5 4
5 7 4
8 7 5
9 8 5
12 11 10
13 12 10
16 15 14
15 17 14
18 17 15
19 18 15
22 21 20
23 22 20
26 25 24
25 27 24
28 27 25
29 28 25
32 31 30
33 32 30
36 35 34
35 37 34
38 37 35
39 38 35
42 41 40
41 43 40
44 43 41
45 44 41
48 47 46
47 49 46
52 51 50
53 52 50
56 55 54
55 57 54
58 57 55
59 58 55
62 61 60
61 63 60
64 63 61
65 64 61
68 67 66
69 68 66
72 71 70
71 73 70
76 75 74
75 77 74
78 77 75
79 78 75
82 81 80
83 82 80
86 85 84
87 86 84
90 89 88
91 90 88
94 93 92
95 94 92
98 97 96
99 98 96
102 101 100
103 102 100
106 105 104
107 106 104
110 109 108
111 110 108
114 113 112
115 114 112
118 117 116
119 118 116
sm04_material\environment\template\architecture\gbl_arch_brass_trim_01\mo_gbl_arch_brushed_metal_trim_01.material
1
0
120
-0.56665 3.720703 0.156982
0.001382 0.001382 0.999998
0 0 0 0
0.726379 0.565186
-1.017578 3.720703 0.156982
0.001382 0.001382 0.999998
0 0 0 0
0.267517 0.565247
-1.017578 3.484863 0.156982
0.001382 0.001382 0.999998
0 0 0 0
0.267456 0.805359
-0.56665 3.484863 0.156982
0.001382 0.001382 0.999998
0 0 0 0
0.72644 0.805359
-0.469727 3.817627 0.110596
0.001348 0.430138 0.902762
0 0 0 0
0.891968 0.217224
-1.114502 3.817627 0.110596
0.001348 0.430138 0.902762
0 0 0 0
0.060913 0.217224
-1.017578 3.720703 0.156982
0.001348 0.430138 0.902762
0 0 0 0
0.185913 0.095276
-0.56665 3.720703 0.156982
0.001348 0.430138 0.902762
0 0 0 0
0.766968 0.095276
-1.114502 3.817627 0.110596
-0.430138 0.001348 0.902762
0 0 0 0
0.060913 0.217224
-1.017578 3.484863 0.156982
-0.430138 0.001348 0.902762
0 0 0 0
0.489868 0.095276
-1.017578 3.720703 0.156982
-0.430138 0.001348 0.902762
0 0 0 0
0.185913 0.095276
-1.114502 3.387695 0.110596
-0.430138 0.001348 0.902762
0 0 0 0
0.614868 0.217224
-1.114502 3.387695 0.110596
0.001348 -0.430138 0.902762
0 0 0 0
0.060913 0.217224
-0.56665 3.484863 0.156982
0.001348 -0.430138 0.902762
0 0 0 0
0.767029 0.095276
-1.017578 3.484863 0.156982
0.001348 -0.430138 0.902762
0 0 0 0
0.185913 0.095276
-0.469727 3.387695 0.110596
0.001348 -0.430138 0.902762
0 0 0 0
0.891968 0.217224
-0.469727 3.387695 0.110596
0.430138 0.001348 0.902762
0 0 0 0
0.060913 0.217224
-0.469727 3.817627 0.110596
0.430138 0.001348 0.902762
0 0 0 0
0.615112 0.217224
-0.56665 3.720703 0.156982
0.430138 0.001348 0.902762
0 0 0 0
0.490051 0.095276
-0.56665 3.484863 0.156982
0.430138 0.001348 0.902762
0 0 0 0
0.185913 0.095276
1.017578 3.720703 0.156982
0.001382 0.001382 0.999998
0 0 0 0
0.728516 0.565613
0.56665 3.720703 0.156982
0.001382 0.001382 0.999998
0 0 0 0
0.269592 0.565552
0.56665 3.484863 0.156982
0.001382 0.001382 0.999998
0 0 0 0
0.269592 0.805725
1.017578 3.484863 0.156982
0.001382 0.001382 0.999998
0 0 0 0
0.728516 0.805664
1.114502 3.817627 0.110596
0.001348 0.430138 0.902762
0 0 0 0
0.892029 0.217224
0.469727 3.817627 0.110596
0.001348 0.430138 0.902762
0 0 0 0
0.060913 0.217224
0.56665 3.720703 0.156982
0.001348 0.430138 0.902762
0 0 0 0
0.185913 0.095276
1.017578 3.720703 0.156982
0.001348 0.430138 0.902762
0 0 0 0
0.766968 0.095276
0.469727 3.817627 0.110596
-0.430138 0.001348 0.902762
0 0 0 0
0.060913 0.217224
0.56665 3.484863 0.156982
-0.430138 0.001348 0.902762
0 0 0 0
0.490051 0.095276
0.56665 3.720703 0.156982
-0.430138 0.001348 0.902762
0 0 0 0
0.185913 0.095276
0.469727 3.387695 0.110596
-0.430138 0.001348 0.902762
0 0 0 0
0.615051 0.217224
0.469727 3.387695 0.110596
0.001348 -0.430138 0.902762
0 0 0 0
0.060913 0.217224
1.017578 3.484863 0.156982
0.001348 -0.430138 0.902762
0 0 0 0
0.766968 0.095276
0.56665 3.484863 0.156982
0.001348 -0.430138 0.902762
0 0 0 0
0.185913 0.095276
1.114502 3.387695 0.110596
0.001348 -0.430138 0.902762
0 0 0 0
0.891968 0.217224
1.114502 3.387695 0.110596
0.430138 0.001348 0.902762
0 0 0 0
0.060913 0.217224
1.114502 3.817627 0.110596
0.430138 0.001348 0.902762
0 0 0 0
0.614868 0.217224
1.017578 3.720703 0.156982
0.430138 0.001348 0.902762
0 0 0 0
0.489929 0.095276
1.017578 3.484863 0.156982
0.430138 0.001348 0.902762
0 0 0 0
0.185974 0.095276
-1.114502 3.817627 0.110596
0.001145 -0.928424 0.371521
0 0 0 0
0.060669 0.019287
-0.469727 3.817627 0.110596
0.001145 -0.928424 0.371521
0 0 0 0
0.869568 0.019287
-0.453369 3.824219 0.127197
0.001145 -0.928424 0.371521
0 0 0 0
0.889954 0.001526
-1.130615 3.824219 0.127197
0.001145 -0.928424 0.371521
0 0 0 0
0.040283 0.001526
-1.162598 3.865723 0.116455
-0.09213 0.182885 0.978808
0 0 0 0
0.104187 0.089966
-1.130615 3.824219 0.127197
-0.122398 0.160906 0.979351
0 0 0 0
0.137695 0.033386
-0.453369 3.824219 0.127197
0.122398 0.160906 0.979351
0 0 0 0
0.851379 0.033386
-0.421631 3.865723 0.116455
0.09213 0.182885 0.978808
0 0 0 0
0.884888 0.089966
-0.421631 3.865723 0.116455
0.09213 0.182885 0.978808
0 0 0 0
0.827148 0.089966
-0.453369 3.824219 0.127197
0.122398 0.160906 0.979351
0 0 0 0
0.770081 0.033386
-0.453369 3.381348 0.127197
0.122398 -0.160906 0.979351
0 0 0 0
0.161194 0.033386
-0.421631 3.3396 0.116455
0.09213 -0.182885 0.978808
0 0 0 0
0.104187 0.089966
-1.130615 3.824219 0.127197
-0.122398 0.160906 0.979351
0 0 0 0
0.161194 0.033386
-1.162598 3.865723 0.116455
-0.09213 0.182885 0.978808
0 0 0 0
0.104187 0.089966
-1.162598 3.3396 0.116455
-0.09213 -0.182885 0.978808
0 0 0 0
0.827332 0.089966
-1.130615 3.381348 0.127197
-0.122398 -0.160906 0.979351
0 0 0 0
0.770264 0.033386
-0.42334 3.86377 0.100098
0.001032 0.993496 -0.113861
0 0 0 0
0.967224 0.019287
-1.160645 3.86377 0.100098
0.001032 0.993496 -0.113861
0 0 0 0
0.042664 0.019287
-1.162598 3.865723 0.116455
0.001032 0.993496 -0.113861
0 0 0 0
0.040283 0.001526
-0.421631 3.865723 0.116455
0.001032 0.993496 -0.113861
0 0 0 0
0.969604 0.001526
-1.160645 3.86377 0.100098
-0.993496 0.001032 -0.113861
0 0 0 0
0.042664 0.019287
-1.160645 3.341553 0.100098
-0.993496 0.001032 -0.113861
0 0 0 0
0.697693 0.019287
-1.162598 3.3396 0.116455
-0.993496 0.001032 -0.113861
0 0 0 0
0.700134 0.001526
-1.162598 3.865723 0.116455
-0.993496 0.001032 -0.113861
0 0 0 0
0.040283 0.001526
-0.42334 3.341553 0.100098
0.993496 0.001032 -0.113861
0 0 0 0
0.697815 0.019287
-0.42334 3.86377 0.100098
0.993496 0.001032 -0.113861
0 0 0 0
0.042664 0.019287
-0.421631 3.865723 0.116455
0.993496 0.001032 -0.113861
0 0 0 0
0.040283 0.001526
-0.421631 3.3396 0.116455
0.993496 0.001032 -0.113861
0 0 0 0
0.700195 0.001526
-1.160645 3.341553 0.100098
0.001032 -0.993496 -0.113861
0 0 0 0
0.042725 0.019287
-0.42334 3.341553 0.100098
0.001032 -0.993496 -0.113861
0 0 0 0
0.967834 0.019287
-0.421631 3.3396 0.116455
0.001032 -0.993496 -0.113861
0 0 0 0
0.970215 0.001526
-1.162598 3.3396 0.116455
0.001032 -0.993496 -0.113861
0 0 0 0
0.040283 0.001526
-1.130615 3.381348 0.127197
-0.122398 -0.160906 0.979351
0 0 0 0
0.137695 0.033386
-1.162598 3.3396 0.116455
-0.09213 -0.182885 0.978808
0 0 0 0
0.104187 0.089966
-0.421631 3.3396 0.116455
0.09213 -0.182885 0.978808
0 0 0 0
0.884949 0.089966
-0.453369 3.381348 0.127197
0.122398 -0.160906 0.979351
0 0 0 0
0.851379 0.033386
-0.469727 3.387695 0.110596
0.001145 0.928424 0.37152
0 0 0 0
0.869202 0.019287
-1.114502 3.387695 0.110596
0.001145 0.928424 0.37152
0 0 0 0
0.060669 0.019287
-1.130615 3.381348 0.127197
0.001145 0.928424 0.37152
0 0 0 0
0.040283 0.001526
-0.453369 3.381348 0.127197
0.001145 0.928424 0.37152
0 0 0 0
0.889587 0.001526
0.469727 3.817627 0.110596
0.00117 -0.901879 0.431987
0 0 0 0
0.062744 0.019287
1.114502 3.817627 0.110596
0.00117 -0.901879 0.431987
0 0 0 0
0.872131 0.019287
1.132324 3.825439 0.127197
0.00117 -0.901879 0.431987
0 0 0 0
0.894592 0.001526
0.45166 3.825439 0.127197
0.00117 -0.901879 0.431987
0 0 0 0
0.040283 0.001526
0.421631 3.865723 0.116455
-0.092094 0.19106 0.977249
0 0 0 0
0.104187 0.089966
0.45166 3.825439 0.127197
-0.127848 0.166339 0.977745
0 0 0 0
0.136963 0.033386
1.132324 3.825439 0.127197
0.127848 0.166339 0.977745
0 0 0 0
0.876282 0.033386
1.162598 3.865723 0.116455
0.092094 0.19106 0.977249
0 0 0 0
0.909058 0.089966
1.162598 3.3396 0.116455
0.092094 -0.19106 0.977249
0 0 0 0
0.104187 0.089966
1.162598 3.865723 0.116455
0.092094 0.19106 0.977249
0 0 0 0
0.865417 0.089966
1.132324 3.825439 0.127197
0.127848 0.166339 0.977745
0 0 0 0
0.80719 0.033386
1.132324 3.379883 0.127197
0.127848 -0.166339 0.977745
0 0 0 0
0.162354 0.033386
0.45166 3.825439 0.127197
-0.127848 0.166339 0.977745
0 0 0 0
0.162415 0.033386
0.421631 3.865723 0.116455
-0.092094 0.19106 0.977249
0 0 0 0
0.104187 0.089966
0.421631 3.3396 0.116455
-0.092094 -0.19106 0.977249
0 0 0 0
0.865295 0.089966
0.45166 3.379883 0.127197
-0.127848 -0.166339 0.977745
0 0 0 0
0.807068 0.033386
1.160645 3.86377 0.100098
0.001032 0.993496 -0.113861
0 0 0 0
0.967529 0.019287
0.42334 3.86377 0.100098
0.001032 0.993496 -0.113861
0 0 0 0
0.042664 0.019287
0.421631 3.865723 0.116455
0.001032 0.993496 -0.113861
0 0 0 0
0.040283 0.001526
1.162598 3.865723 0.116455
0.001032 0.993496 -0.113861
0 0 0 0
0.969971 0.001526
0.42334 3.86377 0.100098
-0.993496 -0.001032 -0.113861
0 0 0 0
0.042664 0.019287
0.42334 3.341553 0.100098
-0.993496 -0.001032 -0.113861
0 0 0 0
0.697754 0.019287
0.421631 3.3396 0.116455
-0.993496 -0.001032 -0.113861
0 0 0 0
0.700134 0.001526
0.421631 3.865723 0.116455
-0.993496 -0.001032 -0.113861
0 0 0 0
0.040283 0.001526
1.160645 3.341553 0.100098
0.993496 0.001032 -0.113861
0 0 0 0
0.697754 0.019287
1.160645 3.86377 0.100098
0.993496 0.001032 -0.113861
0 0 0 0
0.042664 0.019287
1.162598 3.865723 0.116455
0.993496 0.001032 -0.113861
0 0 0 0
0.040283 0.001526
1.162598 3.3396 0.116455
0.993496 0.001032 -0.113861
0 0 0 0
0.700134 0.001526
0.421631 3.3396 0.116455
0.001032 -0.993496 -0.113861
0 0 0 0
0.040283 0.001526
0.42334 3.341553 0.100098
0.001032 -0.993496 -0.113861
0 0 0 0
0.042725 0.019287
1.160645 3.341553 0.100098
0.001032 -0.993496 -0.113861
0 0 0 0
0.967651 0.019287
1.162598 3.3396 0.116455
0.001032 -0.993496 -0.113861
0 0 0 0
0.970032 0.001526
1.132324 3.379883 0.127197
0.127848 -0.166339 0.977745
0 0 0 0
0.876221 0.033386
0.45166 3.379883 0.127197
-0.127848 -0.166339 0.977745
0 0 0 0
0.136963 0.033386
0.421631 3.3396 0.116455
-0.092094 -0.19106 0.977249
0 0 0 0
0.104187 0.089966
1.162598 3.3396 0.116455
0.092094 -0.19106 0.977249
0 0 0 0
0.909058 0.089966
1.114502 3.387695 0.110596
0.00117 0.901879 0.431987
0 0 0 0
0.871704 0.019287
0.469727 3.387695 0.110596
0.00117 0.901879 0.431987
0 0 0 0
0.062744 0.019287
0.45166 3.379883 0.127197
0.00117 0.901879 0.431987
0 0 0 0
0.040283 0.001526
1.132324 3.379883 0.127197
0.00117 0.901879 0.431987
0 0 0 0
0.894165 0.001526
60
2 1 0
3 2 0
6 5 4
7 6 4
10 9 8
9 11 8
14 13 12
13 15 12
18 17 16
19 18 16
22 21 20
23 22 20
26 25 24
27 26 24
30 29 28
29 31 28
34 33 32
33 35 32
38 37 36
39 38 36
42 41 40
43 42 40
46 45 44
47 46 44
50 49 48
51 50 48
54 53 52
55 54 52
58 57 56
59 58 56
62 61 60
63 62 60
66 65 64
67 66 64
70 69 68
71 70 68
74 73 72
75 74 72
78 77 76
79 78 76
82 81 80
83 82 80
86 85 84
87 86 84
90 89 88
91 90 88
94 93 92
95 94 92
98 97 96
99 98 96
102 101 100
103 102 100
106 105 104
107 106 104
110 109 108
111 110 108
114 113 112
115 114 112
118 117 116
119 118 116
sm05_material\environment\template\architecture\gbl_arch_concrete_trim_02\sza_gbl_arch_concrete_trim_02_dirty.material
1
0
162
2 4 0.100098
1 0.000978 -0.000001
0 0 0 0
0.25177 0.124207
2 4 0.199951
1 0.000978 -0.000001
0 0 0 0
0.25177 0.094788
2 3.205566 0.199951
1 0.000978 -0.000001
0 0 0 0
0.01947 0.094788
2 3.205566 0.100098
1 0.000978 -0.000001
0 0 0 0
0.01947 0.124207
-1.314941 0 0.100098
1 0.000978 -0.000001
0 0 0 0
0.982239 0.060974
-1.314941 2 0.144287
1 0.000978 -0.000001
0 0 0 0
0.50293 0.032776
-1.314941 0 0.144287
1 0.000978 -0.000001
0 0 0 0
0.982239 0.032776
-1.314941 2 0.100098
1 0.000978 -0.000001
0 0 0 0
0.50293 0.060974
-1.314941 3.205566 0.100098
1 0.000978 -0.000001
0 0 0 0
0.208801 0.060974
-1.314941 3.205566 0.144287
1 0.000978 -0.000001
0 0 0 0
0.208801 0.032776
-1.314941 4 0.100098
1 0.000978 -0.000001
0 0 0 0
0.017151 0.060974
-1.314941 4 0.144287
1 0.000978 -0.000001
0 0 0 0
0.017151 0.032776
-1.379883 0 0.144287
0.001382 0.001382 0.999998
0 0 0 0
0.98584 0.114075
-1.314941 0 0.144287
0.001382 0.001382 0.999998
0 0 0 0
0.98584 0.095276
-1.314941 2 0.144287
0.001382 0.001382 0.999998
0 0 0 0
0.385071 0.095276
-1.379883 2 0.144287
0.001382 0.001382 0.999998
0 0 0 0
0.385071 0.114075
-1.314941 3.205566 0.144287
0.001382 0.001382 0.999998
0 0 0 0
0.016418 0.095276
-1.379883 3.205566 0.144287
0.001382 0.001382 0.999998
0 0 0 0
0.016418 0.114075
1.296875 4 0.100098
-1 0.000978 -0.000001
0 0 0 0
0.017151 0.060974
1.296875 3.205566 0.144287
-1 0.000978 -0.000001
0 0 0 0
0.208801 0.032776
1.296875 4 0.144287
-1 0.000978 -0.000001
0 0 0 0
0.017151 0.032776
1.296875 3.205566 0.100098
-1 0.000978 -0.000001
0 0 0 0
0.208801 0.060974
1.296875 2 0.100098
-1 0.000978 -0.000001
0 0 0 0
0.50293 0.060974
1.296875 2 0.144287
-1 0.000978 -0.000001
0 0 0 0
0.50293 0.032776
1.296875 0 0.100098
-1 0.000978 -0.000001
0 0 0 0
0.982239 0.060974
1.296875 0 0.144287
-1 0.000978 -0.000001
0 0 0 0
0.982239 0.032776
0.287354 0 0.100098
1 0.000978 -0.000001
0 0 0 0
0.981201 0.060974
0.287354 2 0.144287
1 0.000978 -0.000001
0 0 0 0
0.50238 0.032776
0.287354 0 0.144287
1 0.000978 -0.000001
0 0 0 0
0.981201 0.032776
0.287354 2 0.100098
1 0.000978 -0.000001
0 0 0 0
0.50238 0.060974
0.287354 3.205566 0.100098
1 0.000978 -0.000001
0 0 0 0
0.208618 0.060974
0.287354 3.205566 0.144287
1 0.000978 -0.000001
0 0 0 0
0.208618 0.032776
0.287354 4 0.100098
1 0.000978 -0.000001
0 0 0 0
0.017151 0.060974
0.287354 4 0.144287
1 0.000978 -0.000001
0 0 0 0
0.017151 0.032776
0.222168 0 0.144287
0.001382 0.001382 0.999998
0 0 0 0
0.98584 0.114075
0.287354 0 0.144287
0.001382 0.001382 0.999998
0 0 0 0
0.98584 0.095276
0.287354 2 0.144287
0.001382 0.001382 0.999998
0 0 0 0
0.385071 0.095276
0.222168 2 0.144287
0.001382 0.001382 0.999998
0 0 0 0
0.385071 0.114075
0.287354 3.205566 0.144287
0.001382 0.001382 0.999998
0 0 0 0
0.016418 0.095276
0.222168 3.205566 0.144287
0.001382 0.001382 0.999998
0 0 0 0
0.016418 0.114075
-0.30542 4 0.100098
-1 0.000978 -0.000001
0 0 0 0
0.017151 0.060974
-0.30542 3.205566 0.144287
-1 0.000978 -0.000001
0 0 0 0
0.208801 0.032776
-0.30542 4 0.144287
-1 0.000978 -0.000001
0 0 0 0
0.017151 0.032776
-0.30542 3.205566 0.100098
-1 0.000978 -0.000001
0 0 0 0
0.208801 0.060974
-0.30542 2 0.100098
-1 0.000978 -0.000001
0 0 0 0
0.50293 0.060974
-0.30542 2 0.144287
-1 0.000978 -0.000001
0 0 0 0
0.50293 0.032776
-0.30542 0 0.100098
-1 0.000978 -0.000001
0 0 0 0
0.982239 0.060974
-0.30542 0 0.144287
-1 0.000978 -0.000001
0 0 0 0
0.982239 0.032776
-1.379883 0 0.144287
1 0.000978 -0.000001
0 0 0 0
0.98584 0.114075
-1.379883 2 0.199951
1 0.000978 -0.000001
0 0 0 0
0.385071 0.134888
-1.379883 0 0.199951
1 0.000978 -0.000001
0 0 0 0
0.98584 0.134888
-1.379883 2 0.144287
1 0.000978 -0.000001
0 0 0 0
0.385071 0.114075
-1.379883 3.205566 0.144287
1 0.000978 -0.000001
0 0 0 0
0.016418 0.114075
-1.379883 3.205566 0.199951
1 0.000978 -0.000001
0 0 0 0
0.016418 0.134888
-2 0 0.199951
0.001382 0.001382 0.999998
0 0 0 0
0.09491 0.229858
-1.379883 0 0.199951
0.001382 0.001382 0.999998
0 0 0 0
0.09491 0.467163
-1.379883 2 0.199951
0.001382 0.001382 0.999998
0 0 0 0
0.893005 0.467163
-2 2 0.199951
0.001382 0.001382 0.999998
0 0 0 0
0.893005 0.229858
-2 4 0.100098
-1 0.000978 -0.000001
0 0 0 0
0.25177 0.124084
-2 3.205566 0.100098
-1 0.000978 -0.000001
0 0 0 0
0.01947 0.124084
-2 3.205566 0.199951
-1 0.000978 -0.000001
0 0 0 0
0.01947 0.094788
-2 4 0.199951
-1 0.000978 -0.000001
0 0 0 0
0.25177 0.094788
0.222168 0 0.144287
1 0.000978 -0.000001
0 0 0 0
0.98584 0.114075
0.222168 2 0.199951
1 0.000978 -0.000001
0 0 0 0
0.385071 0.134888
0.222168 0 0.199951
1 0.000978 -0.000001
0 0 0 0
0.98584 0.134888
0.222168 2 0.144287
1 0.000978 -0.000001
0 0 0 0
0.385071 0.114075
0.222168 3.205566 0.144287
1 0.000978 -0.000001
0 0 0 0
0.016418 0.114075
0.222168 3.205566 0.199951
1 0.000978 -0.000001
0 0 0 0
0.016418 0.134888
-0.219971 0 0.199951
0.001382 0.001382 0.999998
0 0 0 0
0.015076 0.467651
0.222168 0 0.199951
0.001382 0.001382 0.999998
0 0 0 0
0.015076 0.21991
0.222168 2 0.199951
0.001382 0.001382 0.999998
0 0 0 0
0.981506 0.21991
-0.219971 2 0.199951
0.001382 0.001382 0.999998
0 0 0 0
0.981506 0.467651
2 3.205566 0.199951
1 0.000978 -0.000001
0 0 0 0
0.01947 0.094788
2 2 0.100098
1 0.000978 -0.000001
0 0 0 0
0.376221 0.124207
2 3.205566 0.100098
1 0.000978 -0.000001
0 0 0 0
0.01947 0.124207
2 2 0.199951
1 0.000978 -0.000001
0 0 0 0
0.376221 0.094788
2 0 0.100098
1 0.000978 -0.000001
0 0 0 0
0.957581 0.124207
2 0 0.199951
1 0.000978 -0.000001
0 0 0 0
0.957581 0.094788
-2 3.205566 0.199951
0.001382 0.001382 0.999998
0 0 0 0
0.411194 0.229858
-1.379883 4 0.199951
0.001382 0.001382 0.999998
0 0 0 0
0.09491 0.467163
-2 4 0.199951
0.001382 0.001382 0.999998
0 0 0 0
0.09491 0.229858
-1.379883 3.205566 0.199951
0.001382 0.001382 0.999998
0 0 0 0
0.411194 0.467163
-2 2 0.199951
0.001382 0.001382 0.999998
0 0 0 0
0.893005 0.229858
-1.379883 2 0.199951
0.001382 0.001382 0.999998
0 0 0 0
0.893005 0.467163
1.38208 4 0.144287
-1 0.000978 -0.000001
0 0 0 0
0.209351 0.114075
1.38208 3.205566 0.144287
-1 0.000978 -0.000001
0 0 0 0
0.016418 0.114075
1.38208 3.205566 0.199951
-1 0.000978 -0.000001
0 0 0 0
0.016418 0.095276
1.38208 4 0.199951
-1 0.000978 -0.000001
0 0 0 0
0.209351 0.095276
1.296875 3.205566 0.144287
0.001382 0.001382 0.999998
0 0 0 0
0.016418 0.134888
1.38208 3.205566 0.144287
0.001382 0.001382 0.999998
0 0 0 0
0.016418 0.114075
1.38208 4 0.144287
0.001382 0.001382 0.999998
0 0 0 0
0.209351 0.114075
1.296875 4 0.144287
0.001382 0.001382 0.999998
0 0 0 0
0.209351 0.134888
-0.219971 4 0.144287
-1 0.000978 -0.000001
0 0 0 0
0.209351 0.114075
-0.219971 3.205566 0.199951
-1 0.000978 -0.000001
0 0 0 0
0.016418 0.095276
-0.219971 4 0.199951
-1 0.000978 -0.000001
0 0 0 0
0.209351 0.095276
-0.219971 3.205566 0.144287
-1 0.000978 -0.000001
0 0 0 0
0.016418 0.114075
-0.219971 3.205566 0.199951
0.001382 0.001382 0.999998
0 0 0 0
0.398987 0.467651
0.222168 4 0.199951
0.001382 0.001382 0.999998
0 0 0 0
0.015076 0.21991
-0.219971 4 0.199951
0.001382 0.001382 0.999998
0 0 0 0
0.015076 0.467651
0.222168 3.205566 0.199951
0.001382 0.001382 0.999998
0 0 0 0
0.398987 0.21991
-0.219971 2 0.199951
0.001382 0.001382 0.999998
0 0 0 0
0.981506 0.467651
0.222168 2 0.199951
0.001382 0.001382 0.999998
0 0 0 0
0.981506 0.21991
1.38208 3.205566 0.199951
0.001382 0.001382 0.999998
0 0 0 0
0.411194 0.467163
2 4 0.199951
0.001382 0.001382 0.999998
0 0 0 0
0.09491 0.229858
1.38208 4 0.199951
0.001382 0.001382 0.999998
0 0 0 0
0.09491 0.467163
2 3.205566 0.199951
0.001382 0.001382 0.999998
0 0 0 0
0.411194 0.229858
1.38208 2 0.199951
0.001382 0.001382 0.999998
0 0 0 0
0.893005 0.467163
2 2 0.199951
0.001382 0.001382 0.999998
0 0 0 0
0.893005 0.229858
-0.30542 3.205566 0.144287
0.001382 0.001382 0.999998
0 0 0 0
0.016418 0.134888
-0.219971 3.205566 0.144287
0.001382 0.001382 0.999998
0 0 0 0
0.016418 0.114075
-0.219971 4 0.144287
0.001382 0.001382 0.999998
0 0 0 0
0.209351 0.114075
-0.30542 4 0.144287
0.001382 0.001382 0.999998
0 0 0 0
0.209351 0.134888
-1.379883 3.205566 0.144287
0.001382 0.001382 0.999998
0 0 0 0
0.016418 0.114075
-1.314941 3.205566 0.144287
0.001382 0.001382 0.999998
0 0 0 0
0.016418 0.095276
-1.314941 4 0.144287
0.001382 0.001382 0.999998
0 0 0 0
0.209351 0.095276
-1.379883 4 0.144287
0.001382 0.001382 0.999998
0 0 0 0
0.209351 0.114075
0.222168 3.205566 0.144287
0.001382 0.001382 0.999998
0 0 0 0
0.016418 0.114075
0.287354 3.205566 0.144287
0.001382 0.001382 0.999998
0 0 0 0
0.016418 0.095276
0.287354 4 0.144287
0.001382 0.001382 0.999998
0 0 0 0
0.209351 0.095276
0.222168 4 0.144287
0.001382 0.001382 0.999998
0 0 0 0
0.209351 0.114075
-1.379883 3.205566 0.199951
1 0.000978 -0.000001
0 0 0 0
0.016418 0.134888
-1.379883 3.205566 0.144287
1 0.000978 -0.000001
0 0 0 0
0.016418 0.114075
-1.379883 4 0.144287
1 0.000978 -0.000001
0 0 0 0
0.209351 0.114075
-1.379883 4 0.199951
1 0.000978 -0.000001
0 0 0 0
0.209351 0.134888
-2 3.205566 0.199951
-1 0.000978 -0.000001
0 0 0 0
0.01947 0.094788
-2 3.205566 0.100098
-1 0.000978 -0.000001
0 0 0 0
0.01947 0.124084
-2 2 0.100098
-1 0.000978 -0.000001
0 0 0 0
0.376221 0.124084
-2 2 0.199951
-1 0.000978 -0.000001
0 0 0 0
0.376221 0.094788
-2 0 0.100098
-1 0.000978 -0.000001
0 0 0 0
0.957581 0.124084
-2 0 0.199951
-1 0.000978 -0.000001
0 0 0 0
0.957581 0.094788
0.222168 3.205566 0.199951
1 0.000978 -0.000001
0 0 0 0
0.016418 0.134888
0.222168 3.205566 0.144287
1 0.000978 -0.000001
0 0 0 0
0.016418 0.114075
0.222168 4 0.144287
1 0.000978 -0.000001
0 0 0 0
0.209351 0.114075
0.222168 4 0.199951
1 0.000978 -0.000001
0 0 0 0
0.209351 0.134888
1.38208 3.205566 0.199951
-1 0.000978 -0.000001
0 0 0 0
0.016418 0.095276
1.38208 3.205566 0.144287
-1 0.000978 -0.000001
0 0 0 0
0.016418 0.114075
1.38208 2 0.144287
-1 0.000978 -0.000001
0 0 0 0
0.385071 0.114075
1.38208 2 0.199951
-1 0.000978 -0.000001
0 0 0 0
0.385071 0.095276
1.38208 0 0.144287
-1 0.000978 -0.000001
0 0 0 0
0.98584 0.114075
1.38208 0 0.199951
-1 0.000978 -0.000001
0 0 0 0
0.98584 0.095276
1.296875 2 0.144287
0.001382 0.001382 0.999998
0 0 0 0
0.385071 0.134888
1.38208 3.205566 0.144287
0.001382 0.001382 0.999998
0 0 0 0
0.016418 0.114075
1.296875 3.205566 0.144287
0.001382 0.001382 0.999998
0 0 0 0
0.016418 0.134888
1.38208 2 0.144287
0.001382 0.001382 0.999998
0 0 0 0
0.385071 0.114075
1.296875 0 0.144287
0.001382 0.001382 0.999998
0 0 0 0
0.98584 0.134888
1.38208 0 0.144287
0.001382 0.001382 0.999998
0 0 0 0
0.98584 0.114075
-0.219971 3.205566 0.199951
-1 0.000978 -0.000001
0 0 0 0
0.016418 0.095276
-0.219971 3.205566 0.144287
-1 0.000978 -0.000001
0 0 0 0
0.016418 0.114075
-0.219971 2 0.144287
-1 0.000978 -0.000001
0 0 0 0
0.385071 0.114075
-0.219971 2 0.199951
-1 0.000978 -0.000001
0 0 0 0
0.385071 0.095276
-0.219971 0 0.144287
-1 0.000978 -0.000001
0 0 0 0
0.98584 0.114075
-0.219971 0 0.199951
-1 0.000978 -0.000001
0 0 0 0
0.98584 0.095276
-0.30542 2 0.144287
0.001382 0.001382 0.999998
0 0 0 0
0.385071 0.134888
-0.219971 3.205566 0.144287
0.001382 0.001382 0.999998
0 0 0 0
0.016418 0.114075
-0.30542 3.205566 0.144287
0.001382 0.001382 0.999998
0 0 0 0
0.016418 0.134888
-0.219971 2 0.144287
0.001382 0.001382 0.999998
0 0 0 0
0.385071 0.114075
-0.30542 0 0.144287
0.001382 0.001382 0.999998
0 0 0 0
0.98584 0.134888
-0.219971 0 0.144287
0.001382 0.001382 0.999998
0 0 0 0
0.98584 0.114075
1.38208 0 0.199951
0.001382 0.001382 0.999998
0 0 0 0
0.09491 0.467163
2 0 0.199951
0.001382 0.001382 0.999998
0 0 0 0
0.09491 0.229858
2 2 0.199951
0.001382 0.001382 0.999998
0 0 0 0
0.893005 0.229858
1.38208 2 0.199951
0.001382 0.001382 0.999998
0 0 0 0
0.893005 0.467163
102
2 1 0
3 2 0
6 5 4
5 7 4
8 7 5
9 8 5
10 8 9
11 10 9
14 13 12
15 14 12
16 14 15
17 16 15
20 19 18
19 21 18
22 21 19
23 22 19
24 22 23
25 24 23
28 27 26
27 29 26
30 29 27
31 30 27
32 30 31
33 32 31
36 35 34
37 36 34
38 36 37
39 38 37
42 41 40
41 43 40
44 43 41
45 44 41
46 44 45
47 46 45
50 49 48
49 51 48
52 51 49
53 52 49
56 55 54
57 56 54
60 59 58
61 60 58
64 63 62
63 65 62
66 65 63
67 66 63
70 69 68
71 70 68
74 73 72
73 75 72
73 76 75
76 77 75
80 79 78
79 81 78
78 81 82
81 83 82
86 85 84
87 86 84
90 89 88
91 90 88
94 93 92
93 95 92
98 97 96
97 99 96
96 99 100
99 101 100
104 103 102
103 105 102
102 105 106
105 107 106
110 109 108
111 110 108
114 113 112
115 114 112
118 117 116
119 118 116
122 121 120
123 122 120
126 125 124
127 126 124
128 126 127
129 128 127
132 131 130
133 132 130
136 135 134
137 136 134
138 136 137
139 138 137
142 141 140
141 143 140
140 143 144
143 145 144
148 147 146
149 148 146
150 148 149
151 150 149
154 153 152
153 155 152
152 155 156
155 157 156
160 159 158
161 160 158
