0
5
sm00_material\environment\template\architecture\gbl_arch_Window_Mtg_V2_4x4_01\gbl_arch_Window_Mts_V2_4x4_01.material
1
0
4
-0.572998 1.12207 -0.014893
0.001382 0.001382 0.999998
0 0 0 0
0.335999 0.913818
0.572998 1.12207 -0.014893
0.001382 0.001382 0.999998
0 0 0 0
0.638184 0.913818
0.572998 2.894043 -0.014893
0.001382 0.001382 0.999998
0 0 0 0
0.638184 0.501404
-0.572998 2.894043 -0.014893
0.001382 0.001382 0.999998
0 0 0 0
0.335999 0.501404
2
2 1 0
3 2 0
sm01_material\environment\template\architecture\gbl_arch_concrete_01\jn_gbl_arch_concrete_01.material
1
0
16
-2 3.041016 0.199951
0.001382 0.001382 0.999998
0 0 0 0
0 0.257935
2 3.041016 0.199951
0.001382 0.001382 0.999998
0 0 0 0
1 0.257935
2 3.860107 0.199951
0.001382 0.001382 0.999998
0 0 0 0
1 0.069031
-2 3.860107 0.199951
0.001382 0.001382 0.999998
0 0 0 0
0 0.069031
0.652832 3.041016 0.199951
0.001382 0.001382 0.999998
0 0 0 0
0.663208 0.257935
2 0.948975 0.199951
0.001382 0.001382 0.999998
0 0 0 0
1 0.796814
0.652832 0.948975 0.199951
0.001382 0.001382 0.999998
0 0 0 0
0.663208 0.796814
-2 0.272461 0.199951
0.001382 0.001382 0.999998
0 0 0 0
0 0.965942
2 0.272461 0.199951
0.001382 0.001382 0.999998
0 0 0 0
1 0.965942
-2 0.948975 0.199951
0.001382 0.001382 0.999998
0 0 0 0
0 0.796814
-0.652832 3.041016 0.199951
0.001382 0.001382 0.999998
0 0 0 0
0.336792 0.257935
-0.652832 0.948975 0.199951
0.001382 0.001382 0.999998
0 0 0 0
0.336792 0.796814
-2 4 0.199951
0.000978 1 -0.000001
0 0 0 0
0.988953 0.218994
2 4 0.199951
0.000978 1 -0.000001
0 0 0 0
0.01001 0.218994
2 4 -0.01416
0.000978 1 -0.000001
0 0 0 0
0.01001 0.243469
-2 4 -0.01416
0.000978 1 -0.000001
0 0 0 0
0.988953 0.243469
10
2 1 0
3 2 0
1 5 4
5 6 4
5 8 7
9 5 7
9 0 10
11 9 10
14 13 12
15 14 12
sm02_material\environment\global\procedural\gbl_proc_Stain_Decal_Random_01\jn_gbl_proc_stain_trim_decal_random_01.material
1
0
16
-2 2.400879 0.219971
0.001382 0.001382 0.999998
0 0 0 0
0.993958 0.757019
-2 1.532227 0.219971
0.001382 0.001382 0.999998
0 0 0 0
0.993958 0.960449
-0.652832 1.532227 0.219971
0.001382 0.001382 0.999998
0 0 0 0
0.65564 0.956604
-0.652832 2.400879 0.219971
0.001382 0.001382 0.999998
0 0 0 0
0.65564 0.726318
-2 3.015869 0.219971
0.001382 0.001382 0.999998
0 0 0 0
0.993958 0.50354
-0.652832 3.015869 0.219971
0.001382 0.001382 0.999998
0 0 0 0
0.65564 0.496704
-2 4 0.219971
0.001382 0.001382 0.999998
0 0 0 0
0.993958 0.008118
-0.652832 4 0.219971
0.001382 0.001382 0.999998
0 0 0 0
0.65564 0.00824
0.623047 3.015869 0.219971
0.001382 0.001382 0.999998
0 0 0 0
0.330261 0.496582
0.652832 4 0.219971
0.001382 0.001382 0.999998
0 0 0 0
0.330261 0.008179
2 3.055908 0.219971
0.001382 0.001382 0.999998
0 0 0 0
-0.002075 0.503357
2 4 0.219971
0.001382 0.001382 0.999998
0 0 0 0
-0.002075 0.008118
2 2.400879 0.219971
0.001382 0.001382 0.999998
0 0 0 0
-0.002075 0.756958
0.623047 2.400879 0.219971
0.001382 0.001382 0.999998
0 0 0 0
0.330261 0.725769
2 1.532227 0.219971
0.001382 0.001382 0.999998
0 0 0 0
-0.002075 0.960449
0.623047 1.532227 0.219971
0.001382 0.001382 0.999998
0 0 0 0
0.330261 0.956055
14
2 1 0
3 2 0
3 0 4
5 3 4
5 4 6
7 5 6
8 5 7
9 8 7
10 8 9
11 10 9
10 12 8
12 13 8
12 14 13
14 15 13
sm03_material\environment\template\architecture\gbl_arch_brass_trim_01\mo_gbl_arch_brushed_metal_trim_01.material
1
0
52
0.652832 2.025391 0.02832
0.001336 -0.498209 0.867056
0 0 0 0
0.657166 0.028015
-0.652832 2.040283 0.036865
0.001336 -0.498209 0.867056
0 0 0 0
0.349243 0.02124
-0.652832 2.025391 0.02832
0.001336 -0.498209 0.867056
0 0 0 0
0.349915 0.028015
0.652832 2.040283 0.036865
0.001336 -0.498209 0.867056
0 0 0 0
0.657837 0.02124
0.652832 2.025391 0.02832
0.000978 -1 -0.000001
0 0 0 0
0.640564 0.002197
-0.652832 2.025391 0.02832
0.000978 -1 -0.000001
0 0 0 0
0.367981 0.002197
-0.652832 2.025391 -0.048096
0.000978 -1 -0.000001
0 0 0 0
0.369507 0.028137
0.652832 2.025391 -0.048096
0.000978 -1 -0.000001
0 0 0 0
0.638977 0.028137
0.652832 2.040283 0.036865
0.001382 0.001382 0.999998
0 0 0 0
0.657837 0.02124
0.652832 2.087891 0.036865
0.001382 0.001382 0.999998
0 0 0 0
0.657837 0.009399
-0.652832 2.087891 0.036865
0.001382 0.001382 0.999998
0 0 0 0
0.349243 0.009399
-0.652832 2.040283 0.036865
0.001382 0.001382 0.999998
0 0 0 0
0.349243 0.02124
0.652832 2.087891 0.036865
0.001336 0.498209 0.867056
0 0 0 0
0.657837 0.009399
0.652832 2.102783 0.02832
0.001336 0.498209 0.867056
0 0 0 0
0.657166 0.002625
-0.652832 2.102783 0.02832
0.001336 0.498209 0.867056
0 0 0 0
0.349915 0.002625
-0.652832 2.087891 0.036865
0.001336 0.498209 0.867056
0 0 0 0
0.349243 0.009399
0.652832 2.102783 0.02832
0.000978 1 -0.000001
0 0 0 0
0.640564 0.028137
0.652832 2.102783 -0.048096
0.000978 1 -0.000001
0 0 0 0
0.638977 0.002197
-0.652832 2.102783 -0.048096
0.000978 1 -0.000001
0 0 0 0
0.369507 0.002197
-0.652832 2.102783 0.02832
0.000978 1 -0.000001
0 0 0 0
0.367981 0.028137
-0.572998 1.12207 0.046387
0.001382 0.001382 0.999998
0 0 0 0
0.807312 0.029724
-0.641357 1.006104 0.046387
0.001382 0.001382 0.999998
0 0 0 0
0.838562 0.001526
0.641357 1.006104 0.046387
0.001382 0.001382 0.999998
0 0 0 0
0.001526 0.001526
0.572998 1.12207 0.046387
0.001382 0.001382 0.999998
0 0 0 0
0.032715 0.029724
0.572998 1.12207 0.046387
0.001382 0.001382 0.999998
0 0 0 0
0.756836 0.029724
0.641357 1.006104 0.046387
0.001382 0.001382 0.999998
0 0 0 0
0.788086 0.001526
0.641357 2.968262 0.046387
0.001382 0.001382 0.999998
0 0 0 0
0.001526 0.001526
0.572998 2.894043 0.046387
0.001382 0.001382 0.999998
0 0 0 0
0.043213 0.029724
0.641357 2.968262 0.046387
0.001382 0.001382 0.999998
0 0 0 0
0.851807 0.001526
-0.641357 2.968262 0.046387
0.001382 0.001382 0.999998
0 0 0 0
0.001526 0.001526
-0.572998 2.894043 0.046387
0.001382 0.001382 0.999998
0 0 0 0
0.046753 0.029724
0.572998 2.894043 0.046387
0.001382 0.001382 0.999998
0 0 0 0
0.80658 0.029724
-0.641357 2.968262 0.046387
0.001382 0.001382 0.999998
0 0 0 0
0.788025 0.001526
-0.641357 1.006104 0.046387
0.001382 0.001382 0.999998
0 0 0 0
0.001526 0.001526
-0.572998 1.12207 0.046387
0.001382 0.001382 0.999998
0 0 0 0
0.032715 0.029724
-0.572998 2.894043 0.046387
0.001382 0.001382 0.999998
0 0 0 0
0.746338 0.029724
-0.572998 1.12207 0.046387
0.000978 1 -0.000001
0 0 0 0
0.605042 0.003906
0.572998 1.12207 0.046387
0.000978 1 -0.000001
0 0 0 0
0.278198 0.003906
0.572998 1.12207 -0.014893
0.000978 1 -0.000001
0 0 0 0
0.278198 0.026733
-0.572998 1.12207 -0.014893
0.000978 1 -0.000001
0 0 0 0
0.605042 0.026733
0.572998 1.12207 0.046387
-1 0.000978 -0.000001
0 0 0 0
0.850281 0.003906
0.572998 2.894043 0.046387
-1 0.000978 -0.000001
0 0 0 0
0.549011 0.003906
0.572998 2.894043 -0.014893
-1 0.000978 -0.000001
0 0 0 0
0.549011 0.020142
0.572998 1.12207 -0.014893
-1 0.000978 -0.000001
0 0 0 0
0.850342 0.020142
0.572998 2.894043 0.046387
0.000978 -1 -0.000001
0 0 0 0
0.978027 0.003906
-0.572998 2.894043 0.046387
0.000978 -1 -0.000001
0 0 0 0
0.651184 0.003906
-0.572998 2.894043 -0.014893
0.000978 -1 -0.000001
0 0 0 0
0.651184 0.026733
0.572998 2.894043 -0.014893
0.000978 -1 -0.000001
0 0 0 0
0.978027 0.026733
-0.572998 2.894043 0.046387
1 0.000978 -0.000001
0 0 0 0
0.330627 0.003906
-0.572998 1.12207 0.046387
1 0.000978 -0.000001
0 0 0 0
0.029358 0.003906
-0.572998 1.12207 -0.014893
1 0.000978 -0.000001
0 0 0 0
0.029297 0.020142
-0.572998 2.894043 -0.014893
1 0.000978 -0.000001
0 0 0 0
0.330627 0.020142
26
2 1 0
1 3 0
6 5 4
7 6 4
10 9 8
11 10 8
14 13 12
15 14 12
18 17 16
19 18 16
22 21 20
23 22 20
26 25 24
27 26 24
30 29 28
31 30 28
34 33 32
35 34 32
38 37 36
39 38 36
42 41 40
43 42 40
46 45 44
47 46 44
50 49 48
51 50 48
sm04_material\environment\template\architecture\gbl_arch_concrete_trim_02\sza_gbl_arch_concrete_trim_02_dirty.material
1
0
116
-2 0 0.199951
0.001382 0.001382 0.999998
0 0 0 0
0.992676 0.103455
0 0.272461 0.199951
0.001382 0.001382 0.999998
0 0 0 0
0.129333 0.222168
-2 0.272461 0.199951
0.001382 0.001382 0.999998
0 0 0 0
0.992676 0.222168
0 0 0.199951
0.001382 0.001382 0.999998
0 0 0 0
0.129333 0.103455
0 0 0.199951
0.001382 0.001382 0.999998
0 0 0 0
0.869019 0.103455
2 0 0.199951
0.001382 0.001382 0.999998
0 0 0 0
0.010864 0.103455
2 0.272461 0.199951
0.001382 0.001382 0.999998
0 0 0 0
0.010864 0.222168
0 0.272461 0.199951
0.001382 0.001382 0.999998
0 0 0 0
0.869019 0.222168
-0.445068 0 0.199951
0.000978 -1 -0.000001
0 0 0 0
0.607361 0.218994
-2 0 0.199951
0.000978 -1 -0.000001
0 0 0 0
0.983948 0.218994
-2 0 0.100098
0.000978 -1 -0.000001
0 0 0 0
0.983948 0.243469
-0.445068 0 0.100098
0.000978 -1 -0.000001
0 0 0 0
0.607361 0.243469
0.445068 0 0.199951
0.000978 -1 -0.000001
0 0 0 0
0.391541 0.218994
0.445068 0 0.100098
0.000978 -1 -0.000001
0 0 0 0
0.391541 0.243469
2 0 0.199951
0.000978 -1 -0.000001
0 0 0 0
0.014587 0.219055
2 0 0.100098
0.000978 -1 -0.000001
0 0 0 0
0.014587 0.24353
-2 3.860107 0.199951
0.001382 0.001382 0.999998
0 0 0 0
0.001526 0.029724
2 3.860107 0.199951
0.001382 0.001382 0.999998
0 0 0 0
1 0.029724
2 4 0.199951
0.001382 0.001382 0.999998
0 0 0 0
1 0.001526
-2 4 0.199951
0.001382 0.001382 0.999998
0 0 0 0
0.001526 0.001526
0.692871 1.016113 0.155762
0.000978 1 0.000001
0 0 0 0
0 0.092224
-0.692871 1.016113 0.155762
0.000978 1 0.000001
0 0 0 0
1 0.092224
-0.692871 1.016113 0.25415
0.000978 1 0.000001
0 0 0 0
1 0.032776
0.692871 1.016113 0.25415
0.000978 1 0.000001
0 0 0 0
0 0.032776
-0.692871 1.016113 0.25415
-0.735814 0.677183 0.000697
0 0 0 0
0.029236 0.029724
-0.692871 1.016113 0.155762
-0.735814 0.677183 0.000697
0 0 0 0
0.221985 0.029724
-0.706055 1.001709 0.155762
-0.735814 0.677183 0.000697
0 0 0 0
0.221985 0.001526
-0.706055 1.001709 0.268311
-0.735814 0.677183 0.000697
0 0 0 0
0.001526 0.001526
-0.692871 1.016113 0.25415
0.001279 0.70218 0.711998
0 0 0 0
1 0.029724
-0.706055 1.001709 0.268311
0.001279 0.70218 0.711998
0 0 0 0
1 0.001526
0.706055 1.001709 0.268311
0.001279 0.70218 0.711998
0 0 0 0
0.001526 0.001526
0.692871 1.016113 0.25415
0.001279 0.70218 0.711998
0 0 0 0
0.032776 0.029724
0.692871 1.016113 0.25415
0.735814 0.677183 0.000697
0 0 0 0
0.029236 0.001526
0.706055 1.001709 0.268311
0.735814 0.677183 0.000697
0 0 0 0
0.001526 0.029724
0.706055 1.001709 0.155762
0.735814 0.677183 0.000697
0 0 0 0
0.221802 0.029724
0.692871 1.016113 0.155762
0.735814 0.677183 0.000697
0 0 0 0
0.221802 0.001526
-0.706055 0.92749 0.268311
-1 0.000978 -0.000001
0 0 0 0
0.001526 0.001526
-0.706055 1.001709 0.268311
-1 0.000978 -0.000001
0 0 0 0
0.001526 0.029724
-0.706055 1.001709 0.155762
-1 0.000978 -0.000001
0 0 0 0
0.042236 0.029724
-0.706055 0.92749 0.155762
-1 0.000978 -0.000001
0 0 0 0
0.042236 0.001526
0.706055 1.001709 0.268311
0.001382 0.001382 0.999998
0 0 0 0
0 0.092224
-0.706055 1.001709 0.268311
0.001382 0.001382 0.999998
0 0 0 0
1 0.092224
-0.706055 0.92749 0.268311
0.001382 0.001382 0.999998
0 0 0 0
1 0.032776
0.706055 0.92749 0.268311
0.001382 0.001382 0.999998
0 0 0 0
0 0.032776
0.706055 1.001709 0.155762
1 0.000978 -0.000001
0 0 0 0
0.0401 0.029724
0.706055 1.001709 0.268311
1 0.000978 -0.000001
0 0 0 0
0.001526 0.029724
0.706055 0.92749 0.268311
1 0.000978 -0.000001
0 0 0 0
0.001526 0.001526
0.706055 0.92749 0.155762
1 0.000978 -0.000001
0 0 0 0
0.0401 0.001526
-0.706055 0.92749 0.268311
0.000978 -1 -0.000001
0 0 0 0
1 0.092224
-0.706055 0.92749 0.155762
0.000978 -1 -0.000001
0 0 0 0
1 0.032776
0.706055 0.92749 0.155762
0.000978 -1 -0.000001
0 0 0 0
0 0.032776
0.706055 0.92749 0.268311
0.000978 -1 -0.000001
0 0 0 0
0 0.092224
-0.652832 0.948975 0.199951
0.000978 1 -0.000001
0 0 0 0
0.40625 0.102356
0.652832 0.948975 0.199951
0.000978 1 -0.000001
0 0 0 0
0.158386 0.102356
0.652832 0.948975 0.150879
0.000978 1 -0.000001
0 0 0 0
0.158386 0.114502
-0.652832 0.948975 0.150879
0.000978 1 -0.000001
0 0 0 0
0.40625 0.114502
0.652832 0.948975 0.199951
-1 0.000978 -0.000001
0 0 0 0
0 0.029724
0.652832 2.03125 0.150879
-1 0.000978 -0.000001
0 0 0 0
0.5 0.001526
0.652832 0.948975 0.150879
-1 0.000978 -0.000001
0 0 0 0
0 0.001526
0.652832 2.03125 0.199951
-1 0.000978 -0.000001
0 0 0 0
0.5 0.029724
0.652832 3.041016 0.199951
-1 0.000978 -0.000001
0 0 0 0
1 0.029724
0.652832 3.041016 0.150879
-1 0.000978 -0.000001
0 0 0 0
1 0.001526
0.605957 1.075439 0.150879
-1 0.000978 -0.000001
0 0 0 0
0.578186 0.092896
0.605957 2.03125 0.012695
-1 0.000978 -0.000001
0 0 0 0
0.745422 0.056458
0.605957 1.075439 0.012695
-1 0.000978 -0.000001
0 0 0 0
0.578186 0.056458
0.605957 2.03125 0.150879
-1 0.000978 -0.000001
0 0 0 0
0.745422 0.092896
-0.605957 1.075439 0.150879
0.000978 1 -0.000001
0 0 0 0
0.321838 0.092896
0.605957 1.075439 0.150879
0.000978 1 -0.000001
0 0 0 0
0.578186 0.092896
0.605957 1.075439 0.012695
0.000978 1 -0.000001
0 0 0 0
0.578186 0.056458
-0.605957 1.075439 0.012695
0.000978 1 -0.000001
0 0 0 0
0.321838 0.056458
0.605957 1.075439 0.150879
0.001382 0.001382 0.999998
0 0 0 0
1 0.029724
0.652832 0.948975 0.150879
0.001382 0.001382 0.999998
0 0 0 0
1 0.001526
0.652832 2.03125 0.150879
0.001382 0.001382 0.999998
0 0 0 0
0.5 0.001526
0.605957 2.03125 0.150879
0.001382 0.001382 0.999998
0 0 0 0
0.5 0.029724
0.605957 2.968262 0.150879
0.001382 0.001382 0.999998
0 0 0 0
0 0.029724
0.652832 3.041016 0.150879
0.001382 0.001382 0.999998
0 0 0 0
0 0.001526
-0.652832 0.948975 0.150879
0.001382 0.001382 0.999998
0 0 0 0
0 0.029724
0.652832 0.948975 0.150879
0.001382 0.001382 0.999998
0 0 0 0
0.5 0.029724
0.605957 1.075439 0.150879
0.001382 0.001382 0.999998
0 0 0 0
0.5 0.001526
-0.605957 1.075439 0.150879
0.001382 0.001382 0.999998
0 0 0 0
0 0.001526
-0.652832 2.03125 0.150879
1 -0.000977 -0.000001
0 0 0 0
0.5 0.029724
-0.652832 0.948975 0.199951
1 0.000978 -0.000001
0 0 0 0
0 0.001526
-0.652832 0.948975 0.150879
1 0.000978 -0.000001
0 0 0 0
0 0.029724
-0.652832 2.03125 0.199951
1 -0.000977 -0.000001
0 0 0 0
0.5 0.001526
-0.652832 3.041016 0.199951
1 -0.000977 -0.000001
0 0 0 0
1 0.001526
-0.652832 3.041016 0.150879
1 -0.000977 -0.000001
0 0 0 0
1 0.029724
-0.605957 2.03125 0.012695
1 -0.000977 -0.000001
0 0 0 0
0.154541 0.056458
-0.605957 1.075439 0.150879
1 0.000978 -0.000001
0 0 0 0
0.321838 0.092896
-0.605957 1.075439 0.012695
1 0.000978 -0.000001
0 0 0 0
0.321838 0.056458
-0.605957 2.03125 0.150879
1 -0.000977 -0.000001
0 0 0 0
0.154541 0.092896
-0.605957 1.075439 0.150879
0.001382 0.001382 0.999998
0 0 0 0
1 0.001526
-0.652832 2.03125 0.150879
0.001382 0.001382 0.999998
0 0 0 0
0.5 0.029724
-0.652832 0.948975 0.150879
0.001382 0.001382 0.999998
0 0 0 0
1 0.029724
-0.605957 2.03125 0.150879
0.001382 0.001382 0.999998
0 0 0 0
0.5 0.001526
-0.605957 2.968262 0.150879
0.001382 0.001382 0.999998
0 0 0 0
0 0.001526
-0.652832 3.041016 0.150879
0.001382 0.001382 0.999998
0 0 0 0
0 0.029724
-0.652832 3.041016 0.199951
0.000978 -1 -0.000001
0 0 0 0
0.158447 0.102295
0.652832 3.041016 0.150879
0.000978 -1 -0.000001
0 0 0 0
0.40625 0.114441
0.652832 3.041016 0.199951
0.000978 -1 -0.000001
0 0 0 0
0.40625 0.102295
-0.652832 3.041016 0.150879
0.000978 -1 -0.000001
0 0 0 0
0.158447 0.114441
0.605957 2.968262 0.150879
-1 0.000978 -0.000001
0 0 0 0
0.326477 0.092896
0.605957 2.968262 0.012695
-1 0.000978 -0.000001
0 0 0 0
0.326477 0.056458
0.605957 2.03125 0.012695
-1 0.000978 -0.000001
0 0 0 0
0.165344 0.056458
0.605957 2.03125 0.150879
-1 0.000978 -0.000001
0 0 0 0
0.165344 0.092896
-0.605957 2.968262 0.150879
0.000978 -1 -0.000001
0 0 0 0
0.573547 0.092896
-0.605957 2.968262 0.012695
0.000978 -1 -0.000001
0 0 0 0
0.573547 0.056458
0.605957 2.968262 0.012695
0.000978 -1 -0.000001
0 0 0 0
0.326477 0.056458
0.605957 2.968262 0.150879
0.000978 -1 -0.000001
0 0 0 0
0.326477 0.092896
-0.652832 3.041016 0.150879
0.001382 0.001382 0.999998
0 0 0 0
0 0.001526
-0.605957 2.968262 0.150879
0.001382 0.001382 0.999998
0 0 0 0
0 0.029724
0.605957 2.968262 0.150879
0.001382 0.001382 0.999998
0 0 0 0
0.5 0.029724
0.652832 3.041016 0.150879
0.001382 0.001382 0.999998
0 0 0 0
0.5 0.001526
-0.605957 2.03125 0.012695
1 -0.000977 -0.000001
0 0 0 0
0.734619 0.056458
-0.605957 2.968262 0.012695
1 -0.000977 -0.000001
0 0 0 0
0.573547 0.056458
-0.605957 2.968262 0.150879
1 -0.000977 -0.000001
0 0 0 0
0.573547 0.092896
-0.605957 2.03125 0.150879
1 -0.000977 -0.000001
0 0 0 0
0.734619 0.092896
64
2 1 0
1 3 0
6 5 4
7 6 4
10 9 8
11 10 8
11 8 12
13 11 12
13 12 14
15 13 14
18 17 16
19 18 16
22 21 20
23 22 20
26 25 24
27 26 24
30 29 28
31 30 28
34 33 32
35 34 32
38 37 36
39 38 36
42 41 40
43 42 40
46 45 44
47 46 44
50 49 48
51 50 48
54 53 52
55 54 52
58 57 56
57 59 56
59 57 60
57 61 60
64 63 62
63 65 62
68 67 66
69 68 66
72 71 70
73 72 70
73 74 72
74 75 72
78 77 76
79 78 76
82 81 80
81 83 80
83 84 80
84 85 80
88 87 86
87 89 86
92 91 90
91 93 90
94 93 91
95 94 91
98 97 96
97 99 96
102 101 100
103 102 100
106 105 104
107 106 104
110 109 108
111 110 108
114 113 112
115 114 112
