0
5
sm00_material\environment\template\architecture\gbl_arch_window_mtg_v2_4x4_01\gbl_arch_window_mtg_v4_4x4_02.material
1
0
4
1.132568 3.91333 -0.017578
0.001382 0.001382 0.999998
0 0 0 0
-0.27478 0.041931
-1.132568 3.91333 -0.017578
0.001382 0.001382 0.999998
0 0 0 0
-0.72821 0.041931
-1.132568 0.089111 -0.017578
0.001382 0.001382 0.999998
0 0 0 0
-0.72821 0.971069
1.132568 0.089111 -0.017578
0.001382 0.001382 0.999998
0 0 0 0
-0.27478 0.971069
2
2 1 0
3 2 0
sm01_material\environment\template\architecture\gbl_arch_Concrete_Trim_02\jn_gbl_arch_metal_trim_01_black.material
1
0
36
-1.132568 3.91333 0.199951
0.000978 -1 0.000001
0 0 0 0
0.335938 0.033203
-1.132568 3.91333 -0.017578
0.000978 -1 0.000001
0 0 0 0
0.335938 0.090393
1.132568 3.91333 -0.017578
0.000978 -1 0.000001
0 0 0 0
0.774658 0.090393
1.132568 3.91333 0.199951
0.000978 -1 0.000001
0 0 0 0
0.774658 0.033203
-1.132568 0.089111 -0.017578
1 0.000978 -0.000001
0 0 0 0
0.960693 0.033203
-1.132568 3.91333 -0.017578
1 0.000978 -0.000001
0 0 0 0
0.027222 0.033203
-1.132568 3.91333 0.199951
1 0.000978 -0.000001
0 0 0 0
0.027222 0.090454
-1.132568 0.089111 0.199951
1 0.000978 -0.000001
0 0 0 0
0.960693 0.090393
1.132568 3.91333 -0.017578
-1 0.000978 0.000001
0 0 0 0
0.027649 0.090393
1.132568 0.089111 -0.017578
-1 0.000978 0.000001
0 0 0 0
0.961121 0.090393
1.132568 0.089111 0.199951
-1 0.000978 0.000001
0 0 0 0
0.961121 0.033203
1.132568 3.91333 0.199951
-1 0.000978 0.000001
0 0 0 0
0.027649 0.033203
-1.186768 3.91333 0.199951
0.001382 0.001382 0.999998
0 0 0 0
0.325439 0.090454
-1.132568 3.91333 0.199951
0.001382 0.001382 0.999998
0 0 0 0
0.335938 0.090454
-1.186768 4 0.199951
0.001382 0.001382 0.999998
0 0 0 0
0.325439 0.033203
1.132568 3.91333 0.199951
0.001382 0.001382 0.999998
0 0 0 0
0.774658 0.090393
1.186768 4 0.199951
0.001382 0.001382 0.999998
0 0 0 0
0.785156 0.033203
1.186768 3.91333 0.199951
0.001382 0.001382 0.999998
0 0 0 0
0.785156 0.090454
-1.186768 3.91333 0.199951
0.001382 0.001382 0.999998
0 0 0 0
0.973816 0.062744
-1.186768 0.089111 0.199951
0.001382 0.001382 0.999998
0 0 0 0
0.026184 0.062744
-1.132568 0.089111 0.199951
0.001382 0.001382 0.999998
0 0 0 0
0.026184 0.033752
-1.132568 3.91333 0.199951
0.001382 0.001382 0.999998
0 0 0 0
0.973816 0.033752
1.132568 0.089111 0.199951
0.001382 0.001382 0.999998
0 0 0 0
0.774658 0.033203
1.186768 0 0.199951
0.001382 0.001382 0.999998
0 0 0 0
0.785156 0.090393
1.186768 0.089111 0.199951
0.001382 0.001382 0.999998
0 0 0 0
0.785156 0.033203
-1.186768 0 0.199951
0.001382 0.001382 0.999998
0 0 0 0
0.325439 0.090393
-1.132568 0.089111 0.199951
0.001382 0.001382 0.999998
0 0 0 0
0.335938 0.033203
-1.186768 0.089111 0.199951
0.001382 0.001382 0.999998
0 0 0 0
0.325439 0.033203
1.186768 0.089111 0.199951
0.001382 0.001382 0.999998
0 0 0 0
0.026184 0.062744
1.186768 3.91333 0.199951
0.001382 0.001382 0.999998
0 0 0 0
0.973816 0.062744
1.132568 3.91333 0.199951
0.001382 0.001382 0.999998
0 0 0 0
0.973816 0.033752
1.132568 0.089111 0.199951
0.001382 0.001382 0.999998
0 0 0 0
0.026184 0.033752
1.132568 0.089111 0.199951
0.000978 1 -0.000001
0 0 0 0
0.774658 0.090393
1.132568 0.089111 -0.017578
0.000978 1 -0.000001
0 0 0 0
0.774658 0.033203
-1.132568 0.089111 -0.017578
0.000978 1 -0.000001
0 0 0 0
0.335938 0.033203
-1.132568 0.089111 0.199951
0.000978 1 -0.000001
0 0 0 0
0.335938 0.090393
20
2 1 0
3 2 0
6 5 4
7 6 4
10 9 8
11 10 8
14 13 12
15 13 14
16 15 14
17 15 16
20 19 18
21 20 18
24 23 22
22 23 25
26 22 25
27 26 25
30 29 28
31 30 28
34 33 32
35 34 32
sm02_material\environment\template\architecture\gbl_arch_metal_trim_worn_01\jn_gbl_arch_metal_trim_worn_01.material
1
0
16
1.25 4 0.253662
0.001382 0.001382 0.999998
0 0 0 0
0.027527 1.058777
1.186768 4 0.253662
0.001382 0.001382 0.999998
0 0 0 0
0.027527 1.032166
1.186768 0 0.253662
0.001382 0.001382 0.999998
0 0 0 0
0.970398 1.032166
1.25 0 0.253662
0.001382 0.001382 0.999998
0 0 0 0
0.970398 1.058777
-1.186768 4 0.253662
0.001382 0.001382 0.999998
0 0 0 0
0.027527 1.032166
-1.25 4 0.253662
0.001382 0.001382 0.999998
0 0 0 0
0.027527 1.058777
-1.25 0 0.253662
0.001382 0.001382 0.999998
0 0 0 0
0.970398 1.058777
-1.186768 0 0.253662
0.001382 0.001382 0.999998
0 0 0 0
0.970398 1.032166
1.186768 4 0.199951
-1 0.000978 -0.000001
0 0 0 0
0.027527 1.058777
1.186768 0 0.199951
-1 0.000978 -0.000001
0 0 0 0
0.970398 1.058777
1.186768 0 0.253662
-1 0.000978 -0.000001
0 0 0 0
0.970398 1.032166
1.186768 4 0.253662
-1 0.000978 -0.000001
0 0 0 0
0.027527 1.032166
-1.186768 0 0.199951
1 0.000978 0.000001
0 0 0 0
0.970398 1.058777
-1.186768 4 0.199951
1 0.000978 0.000001
0 0 0 0
0.027527 1.058777
-1.186768 4 0.253662
1 0.000978 0.000001
0 0 0 0
0.027527 1.032166
-1.186768 0 0.253662
1 0.000978 0.000001
0 0 0 0
0.970398 1.032166
8
2 1 0
3 2 0
6 5 4
7 6 4
10 9 8
11 10 8
14 13 12
15 14 12
sm03_material\environment\template\architecture\gbl_arch_Concrete_Trim_02\sza_gbl_arch_metal_trim_01.material
1
0
92
-2 0 0.350098
0.001382 0.001382 0.999998
0 0 0 0
-0.022095 0.220398
-1.25 0 0.350098
0.001382 0.001382 0.999998
0 0 0 0
-0.022095 0.466431
-1.25 4 0.350098
0.001382 0.001382 0.999998
0 0 0 0
-0.977112 0.466431
-2 4 0.350098
0.001382 0.001382 0.999998
0 0 0 0
-0.977112 0.220398
-1.25 0 0.253662
0.000978 -1 -0.000001
0 0 0 0
1.748657 1.119385
-1.25 0 0.350098
0.000978 -1 -0.000001
0 0 0 0
1.748657 1.095337
-2 0 0.350098
0.000978 -1 -0.000001
0 0 0 0
1.997681 1.095337
-2 0 0.199951
0.000978 -1 -0.000001
0 0 0 0
1.997681 1.13269
-1.25 0 0.199951
0.000978 -1 -0.000001
0 0 0 0
1.748657 1.13269
-1.186768 0 0.253662
0.000978 -1 -0.000001
0 0 0 0
1.73291 1.119385
-1.186768 0 0.199951
0.000978 -1 -0.000001
0 0 0 0
1.73291 1.13269
-2 0 0.350098
-1 0.000978 -0.000001
0 0 0 0
1.981262 1.032654
-2 4 0.350098
-1 0.000978 -0.000001
0 0 0 0
1.019104 1.032654
-2 4 0.199951
-1 0.000978 -0.000001
0 0 0 0
1.019104 1.070007
-2 0 0.199951
-1 0.000978 -0.000001
0 0 0 0
1.981262 1.070007
1.25 0 0.350098
0.001382 0.001382 0.999998
0 0 0 0
-0.022095 0.466431
2 0 0.350098
0.001382 0.001382 0.999998
0 0 0 0
-0.022095 0.220398
2 4 0.350098
0.001382 0.001382 0.999998
0 0 0 0
-0.977112 0.220398
1.25 4 0.350098
0.001382 0.001382 0.999998
0 0 0 0
-0.977112 0.466431
2 0 0.350098
0.000978 -1 -0.000001
0 0 0 0
1.997681 1.095337
1.25 0 0.350098
0.000978 -1 -0.000001
0 0 0 0
1.748657 1.095337
1.25 0 0.253662
0.000978 -1 -0.000001
0 0 0 0
1.748657 1.119385
2 0 0.199951
0.000978 -1 -0.000001
0 0 0 0
1.997681 1.13269
1.25 0 0.199951
0.000978 -1 -0.000001
0 0 0 0
1.748657 1.13269
1.186768 0 0.199951
0.000978 -1 -0.000001
0 0 0 0
1.73291 1.13269
1.186768 0 0.253662
0.000978 -1 -0.000001
0 0 0 0
1.73291 1.119385
2 4 0.350098
1 0.000978 -0.000001
0 0 0 0
1.019104 1.032654
2 0 0.350098
1 0.000978 -0.000001
0 0 0 0
1.981262 1.032654
2 0 0.199951
1 0.000978 -0.000001
0 0 0 0
1.981262 1.070007
2 4 0.199951
1 0.000978 -0.000001
0 0 0 0
1.019104 1.070007
1.25 4 0.199951
0.000978 1 -0.000001
0 0 0 0
1.748657 1.13269
1.186768 4 0.199951
0.000978 1 -0.000001
0 0 0 0
1.73291 1.13269
1.186768 4 0.253662
0.000978 1 -0.000001
0 0 0 0
1.73291 1.119385
1.25 4 0.253662
0.000978 1 -0.000001
0 0 0 0
1.748657 1.119385
2 4 0.199951
0.000978 1 -0.000001
0 0 0 0
1.997681 1.13269
2 4 0.350098
0.000978 1 -0.000001
0 0 0 0
1.997681 1.095337
1.25 4 0.350098
0.000978 1 -0.000001
0 0 0 0
1.748657 1.095337
-1.186768 4 0.199951
0.000978 1 -0.000001
0 0 0 0
1.73291 1.13269
-1.25 4 0.253662
0.000978 1 -0.000001
0 0 0 0
1.748657 1.119385
-1.186768 4 0.253662
0.000978 1 -0.000001
0 0 0 0
1.73291 1.119385
-1.25 4 0.199951
0.000978 1 -0.000001
0 0 0 0
1.748657 1.13269
-2 4 0.199951
0.000978 1 -0.000001
0 0 0 0
1.997681 1.13269
-2 4 0.350098
0.000978 1 -0.000001
0 0 0 0
1.997681 1.095337
-1.25 4 0.350098
0.000978 1 -0.000001
0 0 0 0
1.748657 1.095337
-1.25 4 0.350098
1 0.000978 -0.000001
0 0 0 0
1.019104 1.001587
-1.25 0 0.350098
1 0.000978 -0.000001
0 0 0 0
1.981262 1.001587
-1.25 0 0.253662
1 0.000978 -0.000001
0 0 0 0
1.981262 1.025574
-1.25 4 0.253662
1 0.000978 -0.000001
0 0 0 0
1.019104 1.025574
1.25 0 0.350098
-1 0.000978 -0.000001
0 0 0 0
1.981262 1.001587
1.25 4 0.350098
-1 0.000978 -0.000001
0 0 0 0
1.019104 1.001587
1.25 4 0.253662
-1 0.000978 -0.000001
0 0 0 0
1.019104 1.025574
1.25 0 0.253662
-1 0.000978 -0.000001
0 0 0 0
1.981262 1.025574
-1.842529 4 0.390869
0.000978 1 -0.000001
0 0 0 0
0.016174 0.276917
-1.995117 4 0.428955
0.000978 1 -0.000001
0 0 0 0
0.002441 0.221619
-1.842529 4 0.428955
0.000978 1 -0.000001
0 0 0 0
0.002441 0.276917
-1.995117 4 0.350098
0.000978 1 -0.000001
0 0 0 0
0.030945 0.221619
-1.316406 4 0.350098
0.000978 1 -0.000001
0 0 0 0
0.030945 0.467407
-1.468994 4 0.390869
0.000978 1 -0.000001
0 0 0 0
0.016174 0.412109
-1.316406 4 0.428955
0.000978 1 -0.000001
0 0 0 0
0.002441 0.467407
-1.468994 4 0.428955
0.000978 1 -0.000001
0 0 0 0
0.002441 0.412109
-1.842529 0 0.390869
0.001382 0.001382 0.999998
0 0 0 0
0.967163 1.606262
-1.468994 0 0.390869
0.001382 0.001382 0.999998
0 0 0 0
0.967163 1.513245
-1.468994 4 0.390869
0.001382 0.001382 0.999998
0 0 0 0
0.029053 1.513245
-1.842529 4 0.390869
0.001382 0.001382 0.999998
0 0 0 0
0.029053 1.606262
-1.995117 0 0.428955
0.000978 -1 -0.000001
0 0 0 0
0.002441 0.221619
-1.842529 0 0.390869
0.000978 -1 -0.000001
0 0 0 0
0.016174 0.276917
-1.842529 0 0.428955
0.000978 -1 -0.000001
0 0 0 0
0.002441 0.276917
-1.995117 0 0.350098
0.000978 -1 -0.000001
0 0 0 0
0.030945 0.221619
-1.468994 0 0.390869
0.000978 -1 -0.000001
0 0 0 0
0.016174 0.412109
-1.316406 0 0.350098
0.000978 -1 -0.000001
0 0 0 0
0.030945 0.467407
-1.316406 0 0.428955
0.000978 -1 -0.000001
0 0 0 0
0.002441 0.467407
-1.468994 0 0.428955
0.000978 -1 -0.000001
0 0 0 0
0.002441 0.412109
1.995117 4 0.428955
0.000978 1 -0.000001
0 0 0 0
0.002441 0.221619
1.842529 4 0.390869
0.000978 1 -0.000001
0 0 0 0
0.016174 0.276917
1.842529 4 0.428955
0.000978 1 -0.000001
0 0 0 0
0.002441 0.276917
1.995117 4 0.350098
0.000978 1 -0.000001
0 0 0 0
0.030945 0.221619
1.316406 4 0.350098
0.000978 1 -0.000001
0 0 0 0
0.030945 0.467407
1.468994 4 0.390869
0.000978 1 -0.000001
0 0 0 0
0.016174 0.412109
1.316406 4 0.428955
0.000978 1 -0.000001
0 0 0 0
0.002441 0.467407
1.468994 4 0.428955
0.000978 1 -0.000001
0 0 0 0
0.002441 0.412109
1.842529 0 0.390869
0.001382 0.001382 0.999998
0 0 0 0
0.967163 1.606262
1.842529 4 0.390869
0.001382 0.001382 0.999998
0 0 0 0
0.029053 1.606262
1.468994 4 0.390869
0.001382 0.001382 0.999998
0 0 0 0
0.029053 1.513245
1.468994 0 0.390869
0.001382 0.001382 0.999998
0 0 0 0
0.967163 1.513245
1.995117 0 0.428955
0.000978 -1 -0.000001
0 0 0 0
0.002441 0.221619
1.842529 0 0.428955
0.000978 -1 -0.000001
0 0 0 0
0.002441 0.276917
1.842529 0 0.390869
0.000978 -1 -0.000001
0 0 0 0
0.016174 0.276917
1.995117 0 0.350098
0.000978 -1 -0.000001
0 0 0 0
0.030945 0.221619
1.468994 0 0.390869
0.000978 -1 -0.000001
0 0 0 0
0.016174 0.412109
1.316406 0 0.350098
0.000978 -1 -0.000001
0 0 0 0
0.030945 0.467407
1.316406 0 0.428955
0.000978 -1 -0.000001
0 0 0 0
0.002441 0.467407
1.468994 0 0.428955
0.000978 -1 -0.000001
0 0 0 0
0.002441 0.412109
60
2 1 0
3 2 0
6 5 4
7 6 4
8 7 4
4 9 8
9 10 8
13 12 11
14 13 11
17 16 15
18 17 15
21 20 19
22 21 19
23 21 22
21 23 24
25 21 24
28 27 26
29 28 26
32 31 30
33 32 30
33 30 34
33 34 35
36 33 35
39 38 37
38 40 37
38 41 40
42 41 38
43 42 38
46 45 44
47 46 44
50 49 48
51 50 48
54 53 52
53 55 52
55 56 52
56 57 52
57 56 58
59 57 58
62 61 60
63 62 60
66 65 64
65 67 64
67 65 68
69 67 68
70 69 68
71 70 68
74 73 72
73 75 72
76 75 73
77 76 73
76 77 78
77 79 78
82 81 80
83 82 80
86 85 84
87 86 84
86 87 88
87 89 88
88 89 90
91 88 90
sm04_material\environment\template\architecture\gbl_arch_concrete_trim_02\sza_gbl_arch_metal_trim_01_red.material
1
0
48
-1.316406 0 0.428955
1 0.000978 -0.000001
0 0 0 0
0.967102 1.221252
-1.316406 0 0.350098
1 0.000978 -0.000001
0 0 0 0
0.967102 1.240845
-1.316406 4 0.350098
1 0.000978 -0.000001
0 0 0 0
0.029053 1.240845
-1.316406 4 0.428955
1 0.000978 -0.000001
0 0 0 0
0.029053 1.221252
-1.468994 0 0.428955
0.001382 0.001382 0.999998
0 0 0 0
0.967163 1.090393
-1.316406 0 0.428955
0.001382 0.001382 0.999998
0 0 0 0
0.967163 1.033569
-1.316406 4 0.428955
0.001382 0.001382 0.999998
0 0 0 0
0.029053 1.033569
-1.468994 4 0.428955
0.001382 0.001382 0.999998
0 0 0 0
0.029053 1.090393
-1.995117 0 0.350098
-1 0.000978 -0.000001
0 0 0 0
0.967102 1.240845
-1.995117 0 0.428955
-1 0.000978 -0.000001
0 0 0 0
0.967102 1.221252
-1.995117 4 0.428955
-1 0.000978 -0.000001
0 0 0 0
0.029053 1.221252
-1.995117 4 0.350098
-1 0.000978 -0.000001
0 0 0 0
0.029053 1.240845
-1.995117 0 0.428955
0.001382 0.001382 0.999998
0 0 0 0
0.967163 1.033569
-1.842529 0 0.428955
0.001382 0.001382 0.999998
0 0 0 0
0.967163 1.090393
-1.842529 4 0.428955
0.001382 0.001382 0.999998
0 0 0 0
0.029053 1.090393
-1.995117 4 0.428955
0.001382 0.001382 0.999998
0 0 0 0
0.029053 1.033569
-1.468994 0 0.428955
-1 0.000978 -0.000001
0 0 0 0
0.967102 1.096497
-1.468994 4 0.428955
-1 0.000978 -0.000001
0 0 0 0
0.029053 1.096497
-1.468994 4 0.390869
-1 0.000978 -0.000001
0 0 0 0
0.029053 1.105957
-1.468994 0 0.390869
-1 0.000978 -0.000001
0 0 0 0
0.967102 1.105957
-1.842529 4 0.428955
1 0.000978 -0.000001
0 0 0 0
0.029053 1.096497
-1.842529 0 0.428955
1 0.000978 -0.000001
0 0 0 0
0.967102 1.096497
-1.842529 0 0.390869
1 0.000978 -0.000001
0 0 0 0
0.967102 1.105957
-1.842529 4 0.390869
1 0.000978 -0.000001
0 0 0 0
0.029053 1.105957
1.468994 0 0.428955
0.001382 0.001382 0.999998
0 0 0 0
0.967163 1.090393
1.468994 4 0.428955
0.001382 0.001382 0.999998
0 0 0 0
0.029053 1.090393
1.316406 4 0.428955
0.001382 0.001382 0.999998
0 0 0 0
0.029053 1.033569
1.316406 0 0.428955
0.001382 0.001382 0.999998
0 0 0 0
0.967163 1.033569
1.316406 0 0.428955
-1 0.000978 -0.000001
0 0 0 0
0.967102 1.221252
1.316406 4 0.428955
-1 0.000978 -0.000001
0 0 0 0
0.029053 1.221252
1.316406 4 0.350098
-1 0.000978 -0.000001
0 0 0 0
0.029053 1.240845
1.316406 0 0.350098
-1 0.000978 -0.000001
0 0 0 0
0.967102 1.240845
1.995117 0 0.350098
1 0.000978 -0.000001
0 0 0 0
0.967102 1.240845
1.995117 4 0.350098
1 0.000978 -0.000001
0 0 0 0
0.029053 1.240845
1.995117 4 0.428955
1 0.000978 -0.000001
0 0 0 0
0.029053 1.221252
1.995117 0 0.428955
1 0.000978 -0.000001
0 0 0 0
0.967102 1.221252
1.995117 0 0.428955
0.001382 0.001382 0.999998
0 0 0 0
0.967163 1.033569
1.995117 4 0.428955
0.001382 0.001382 0.999998
0 0 0 0
0.029053 1.033569
1.842529 4 0.428955
0.001382 0.001382 0.999998
0 0 0 0
0.029053 1.090393
1.842529 0 0.428955
0.001382 0.001382 0.999998
0 0 0 0
0.967163 1.090393
1.468994 0 0.428955
1 0.000978 -0.000001
0 0 0 0
0.967102 1.096497
1.468994 0 0.390869
1 0.000978 -0.000001
0 0 0 0
0.967102 1.105957
1.468994 4 0.390869
1 0.000978 -0.000001
0 0 0 0
0.029053 1.105957
1.468994 4 0.428955
1 0.000978 -0.000001
0 0 0 0
0.029053 1.096497
1.842529 4 0.428955
-1 0.000978 -0.000001
0 0 0 0
0.029053 1.096497
1.842529 4 0.390869
-1 0.000978 -0.000001
0 0 0 0
0.029053 1.105957
1.842529 0 0.390869
-1 0.000978 -0.000001
0 0 0 0
0.967102 1.105957
1.842529 0 0.428955
-1 0.000978 -0.000001
0 0 0 0
0.967102 1.096497
24
2 1 0
3 2 0
6 5 4
7 6 4
10 9 8
11 10 8
14 13 12
15 14 12
18 17 16
19 18 16
22 21 20
23 22 20
26 25 24
27 26 24
30 29 28
31 30 28
34 33 32
35 34 32
38 37 36
39 38 36
42 41 40
43 42 40
46 45 44
47 46 44
