0
3
sm00_material\environment\template\architecture\gbl_arch_Window_Mtg_V2_4x4_01\gbl_arch_Window_Mtg_V4_4x4_01.material
1
0
8
-0.051514 3.813232 -0.020264
0.004147 0.001382 0.99999
0 0 0 0
0.487122 0.155945
-1.962158 3.813232 -0.012695
0.004147 0.001382 0.99999
0 0 0 0
0.00946 0.155945
-1.962158 1.061035 -0.012695
0.004147 0.001382 0.99999
0 0 0 0
0.00946 0.844055
-0.051514 1.061035 -0.020264
0.004147 0.001382 0.99999
0 0 0 0
0.487122 0.844055
1.962158 3.813232 -0.02832
0.004147 0.001382 0.99999
0 0 0 0
0.99054 0.155945
0.051514 3.813232 -0.020752
0.004147 0.001382 0.99999
0 0 0 0
0.512878 0.155945
0.051514 1.061035 -0.020752
0.004147 0.001382 0.99999
0 0 0 0
0.512878 0.844055
1.962158 1.061035 -0.02832
0.004147 0.001382 0.99999
0 0 0 0
0.99054 0.844055
4
2 1 0
3 2 0
6 5 4
7 6 4
sm01_material\environment\template\architecture\gbl_arch_brass_trim_01\sza_gbl_arch_brushed_metal_tile_dark.material
1
0
10
-2 0 0.199707
0.001382 -0.001382 0.999998
0 0 0 0
0.023132 0.467712
2 0 0.199707
0.001382 -0.001382 0.999998
0 0 0 0
0.958191 0.467712
2 0.586914 0.200195
0.001382 0.015206 0.999883
0 0 0 0
0.958191 0.330505
-2 0.586914 0.200195
0.001382 0.015206 0.999883
0 0 0 0
0.023132 0.330505
2 0.671387 0.189209
0.001372 0.245551 0.969383
0 0 0 0
0.958191 0.310791
-2 0.671631 0.189941
0.001372 0.245551 0.969383
0 0 0 0
0.023132 0.310669
2 0.750244 0.157227
0.001343 0.458123 0.888888
0 0 0 0
0.958191 0.292297
-2 0.751465 0.159668
0.001343 0.458123 0.888888
0 0 0 0
0.023132 0.291992
-2 1.061035 -0.002686
0.00134 0.478262 0.878216
0 0 0 0
0.023132 0.219666
2 1.061035 -0.018311
0.00134 0.478262 0.878216
0 0 0 0
0.958191 0.219666
8
2 1 0
3 2 0
4 2 3
5 4 3
6 4 5
7 6 5
6 7 8
9 6 8
sm02_material\environment\template\architecture\gbl_arch_concrete_trim_02\sza_gbl_arch_metal_trim_01_red.material
1
0
132
0.058105 3.887207 0.134521
0.001382 0.001382 0.999998
0 0 0 0
0.001953 0.001648
-0.058105 0.772461 0.134521
0.001382 0.001382 0.999998
0 0 0 0
0.998047 0.028625
0.058105 0.772461 0.134521
0.001382 0.001382 0.999998
0 0 0 0
0.998047 0.001648
-0.058105 3.887207 0.134521
0.001382 0.001382 0.999998
0 0 0 0
0.001953 0.028625
0.058105 3.887207 0.134521
1 0.000978 -0.000001
0 0 0 0
0.001953 0.028625
0.058105 0.772461 0.134521
1 0.000978 -0.000001
0 0 0 0
0.998047 0.028625
0.058105 0.772461 -0.128418
1 0.000978 -0.000001
0 0 0 0
0.998047 0.001648
0.058105 3.887207 -0.128418
1 0.000978 -0.000001
0 0 0 0
0.001953 0.001648
-0.058105 3.887207 -0.128418
-1 0.000978 -0.000001
0 0 0 0
0.001953 0.028625
-0.058105 0.772461 -0.128418
-1 0.000978 -0.000001
0 0 0 0
0.998047 0.028625
-0.058105 0.772461 0.134521
-1 0.000978 -0.000001
0 0 0 0
0.998047 0.001648
-0.058105 3.887207 0.134521
-1 0.000978 -0.000001
0 0 0 0
0.001953 0.001648
1.941895 3.887207 -0.03833
-1 0.000978 -0.000001
0 0 0 0
0.001953 0.028625
1.941895 0.586914 -0.03833
-1 0.000978 -0.000001
0 0 0 0
0.998047 0.028625
1.941895 0.586914 0.199707
-1 0.000978 -0.000001
0 0 0 0
0.998047 0.001648
1.941895 3.891113 0.199707
-1 0.000978 -0.000001
0 0 0 0
0.001953 0.001648
1.941895 3.891113 0.199707
0.001382 0.001382 0.999998
0 0 0 0
0.001953 0.028625
1.941895 0.586914 0.199707
0.001382 0.001382 0.999998
0 0 0 0
0.998047 0.028625
2 0.586914 0.199707
0.001382 0.001382 0.999998
0 0 0 0
0.998047 0.015137
2 3.891113 0.199707
0.001382 0.001382 0.999998
0 0 0 0
0.001953 0.015137
-1.941895 3.887207 -0.03833
1 0.000978 -0.000001
0 0 0 0
0.001953 0.028625
-1.941895 3.891113 0.199707
1 0.000978 -0.000001
0 0 0 0
0.001953 0.001648
-1.941895 0.586914 0.199707
1 0.000978 -0.000001
0 0 0 0
0.998047 0.001648
-1.941895 0.586914 -0.03833
1 0.000978 -0.000001
0 0 0 0
0.998047 0.028625
-1.941895 3.891113 0.199707
-0.001382 0.001382 0.999998
0 0 0 0
0.001953 0.028625
-2 3.891113 0.199707
-0.001382 0.001382 0.999998
0 0 0 0
0.001953 0.015137
-2 0.586914 0.199707
-0.001382 0.001382 0.999998
0 0 0 0
0.998047 0.015137
-1.941895 0.586914 0.199707
-0.001382 0.001382 0.999998
0 0 0 0
0.998047 0.028625
1.908203 1.091064 0.016357
-0.001027 0.994703 0.102784
0 0 0 0
0.427124 0.236511
2 1.091064 0.016602
-0.001027 0.994703 0.102784
0 0 0 0
0.427124 0.343628
2 1.0979 -0.047852
-0.001027 0.994703 0.102784
0 0 0 0
0.607727 0.343628
1.908203 1.0979 -0.047852
-0.001027 0.994703 0.102784
0 0 0 0
0.607727 0.236511
1.908203 0.74585 0.200195
-0.001341 0.470731 0.882276
0 0 0 0
0.020325 0.236511
2 0.74585 0.200195
-0.001341 0.470731 0.882276
0 0 0 0
0.020325 0.343628
2 1.091064 0.016602
-0.001341 0.470731 0.882276
0 0 0 0
0.427124 0.343628
1.908203 1.091064 0.016357
-0.001341 0.470731 0.882276
0 0 0 0
0.427124 0.236511
1.891113 0.728271 0.164062
-1 -0.000977 0.000001
0 0 0 0
0.999329 0.219604
1.891113 0.728271 0.195312
-1 -0.000977 0.000001
0 0 0 0
0.999329 0.094055
1.891113 1.075684 0.007324
-1 -0.000977 0.000001
0 0 0 0
0.541565 0.094055
1.891113 1.077393 -0.047852
-1 -0.000977 0.000001
0 0 0 0
0.541565 0.219604
1.908203 1.0979 -0.047852
-0.72508 0.687076 0.046759
0 0 0 0
0.607727 0.236511
1.891113 1.077393 -0.047852
-0.72508 0.687076 0.046759
0 0 0 0
0.607727 0.218811
1.891113 1.075684 0.007324
-0.72508 0.687076 0.046759
0 0 0 0
0.427124 0.218811
1.908203 1.091064 0.016357
-0.72508 0.687076 0.046759
0 0 0 0
0.427124 0.236511
1.908203 0.74585 0.200195
-0.001371 -0.259038 0.965866
0 0 0 0
0.020325 0.236511
1.891113 0.728271 0.195312
-0.001371 -0.259038 0.965866
0 0 0 0
0.002258 0.218811
2 0.728271 0.195312
-0.001371 -0.259038 0.965866
0 0 0 0
0.002258 0.34375
2 0.74585 0.200195
-0.001371 -0.259038 0.965866
0 0 0 0
0.020325 0.343628
1.891113 1.075684 0.007324
-0.625905 0.369449 0.686841
0 0 0 0
0.427124 0.218811
1.891113 0.728271 0.195312
-0.625905 0.369449 0.686841
0 0 0 0
0.002258 0.218811
1.908203 0.74585 0.200195
-0.625905 0.369449 0.686841
0 0 0 0
0.020325 0.236511
1.908203 1.091064 0.016357
-0.625905 0.369449 0.686841
0 0 0 0
0.427124 0.236511
-1.891113 1.075684 0.008057
1 0.000978 -0.000001
0 0 0 0
0.541565 0.094055
-1.891113 0.728271 0.195312
1 0.000978 -0.000001
0 0 0 0
0.999329 0.094055
-1.891113 0.728271 0.164307
1 0.000978 -0.000001
0 0 0 0
0.999329 0.219604
-1.891113 1.077393 -0.047852
1 0.000978 -0.000001
0 0 0 0
0.541565 0.219604
-1.891113 1.075684 0.008057
0.72508 0.687076 0.046759
0 0 0 0
0.427124 0.468689
-1.891113 1.077393 -0.047852
0.72508 0.687076 0.046759
0 0 0 0
0.607727 0.468689
-1.908203 1.0979 -0.047852
0.72508 0.687076 0.046759
0 0 0 0
0.607727 0.450806
-1.908203 1.091064 0.016846
0.72508 0.687076 0.046759
0 0 0 0
0.427124 0.450806
-1.908203 0.74585 0.200195
0.623713 0.369655 0.688721
0 0 0 0
0.020325 0.450806
-1.891113 0.728271 0.195312
0.623713 0.369655 0.688721
0 0 0 0
0.002258 0.468689
-1.891113 1.075684 0.008057
0.623713 0.369655 0.688721
0 0 0 0
0.427124 0.468689
-1.908203 1.091064 0.016846
0.623713 0.369655 0.688721
0 0 0 0
0.427124 0.450806
-1.908203 0.74585 0.200195
-0.001371 -0.259038 0.965866
0 0 0 0
0.020325 0.450806
-2 0.74585 0.200195
-0.001371 -0.259038 0.965866
0 0 0 0
0.020325 0.343628
-2 0.728271 0.195312
-0.001371 -0.259038 0.965866
0 0 0 0
0.002258 0.34375
-1.891113 0.728271 0.195312
-0.001371 -0.259038 0.965866
0 0 0 0
0.002258 0.468689
-1.908203 1.091064 0.016846
-0.001342 0.468215 0.883613
0 0 0 0
0.427124 0.450806
-2 1.091064 0.016602
-0.001342 0.468215 0.883613
0 0 0 0
0.427124 0.343628
-2 0.74585 0.200195
-0.001342 0.468215 0.883613
0 0 0 0
0.020325 0.343628
-1.908203 0.74585 0.200195
-0.001342 0.468215 0.883613
0 0 0 0
0.020325 0.450806
-1.908203 1.0979 -0.047852
-0.001027 0.994703 0.102784
0 0 0 0
0.607727 0.450806
-2 1.0979 -0.047852
-0.001027 0.994703 0.102784
0 0 0 0
0.607727 0.343628
-2 1.091064 0.016602
-0.001027 0.994703 0.102784
0 0 0 0
0.427124 0.343628
-1.908203 1.091064 0.016846
-0.001027 0.994703 0.102784
0 0 0 0
0.427124 0.450806
0.108887 1.075684 0.008057
1 0.000978 -0.000001
0 0 0 0
0.541565 0.094055
0.108887 0.728271 0.195312
1 0.000978 -0.000001
0 0 0 0
0.999329 0.094055
0.108887 0.728271 0.164307
1 0.000978 -0.000001
0 0 0 0
0.999329 0.219604
0.108887 1.077393 -0.047852
1 0.000978 -0.000001
0 0 0 0
0.541565 0.219604
0.108887 0.728271 0.164307
0.000978 -1 -0.000001
0 0 0 0
0.25769 0.217957
0.108887 0.728271 0.195312
-0.001089 -0.970422 0.241414
0 0 0 0
0.25769 0.09552
-0.108887 0.728271 0.195312
-0.001091 -0.969569 0.244816
0 0 0 0
0.037659 0.095581
-0.108887 0.728271 0.164062
0.000978 -1 -0.000001
0 0 0 0
0.037659 0.218018
-0.108887 0.728271 0.164062
-1 -0.000977 0.000001
0 0 0 0
0.999329 0.219604
-0.108887 0.728271 0.195312
-1 -0.000977 0.000001
0 0 0 0
0.999329 0.094055
-0.108887 1.075684 0.007324
-1 -0.000977 0.000001
0 0 0 0
0.541565 0.094055
-0.108887 1.077393 -0.047852
-1 -0.000977 0.000001
0 0 0 0
0.541565 0.219604
0.108887 1.075684 0.008057
0.72508 0.687076 0.046759
0 0 0 0
0.427124 0.468689
0.108887 1.077393 -0.047852
0.72508 0.687076 0.046759
0 0 0 0
0.607727 0.468689
0.091797 1.0979 -0.047852
0.72508 0.687076 0.046759
0 0 0 0
0.607727 0.450806
0.091797 1.091064 0.016846
0.72508 0.687076 0.046759
0 0 0 0
0.427124 0.450806
-0.091797 1.091064 0.016357
-0.001027 0.994703 0.102784
0 0 0 0
0.427124 0.236511
0.091797 1.091064 0.016846
-0.001027 0.994703 0.102784
0 0 0 0
0.427124 0.450806
0.091797 1.0979 -0.047852
-0.001027 0.994703 0.102784
0 0 0 0
0.607727 0.450806
-0.091797 1.0979 -0.047852
-0.001027 0.994703 0.102784
0 0 0 0
0.607727 0.236511
-0.091797 1.0979 -0.047852
-0.72508 0.687076 0.046759
0 0 0 0
0.607727 0.236511
-0.108887 1.077393 -0.047852
-0.72508 0.687076 0.046759
0 0 0 0
0.607727 0.218811
-0.108887 1.075684 0.007324
-0.72508 0.687076 0.046759
0 0 0 0
0.427124 0.218811
-0.091797 1.091064 0.016357
-0.72508 0.687076 0.046759
0 0 0 0
0.427124 0.236511
-0.108887 0.728271 0.195312
-0.001091 -0.969569 0.244816
0 0 0 0
0.002258 0.218811
0.108887 0.728271 0.195312
-0.001089 -0.970422 0.241414
0 0 0 0
0.002258 0.468689
0.091797 0.74585 0.200195
-0.001371 -0.259038 0.965866
0 0 0 0
0.020325 0.450806
-0.091797 0.74585 0.200195
-0.001371 -0.259038 0.965866
0 0 0 0
0.020325 0.236511
0.091797 0.74585 0.200195
0.623713 0.369655 0.688721
0 0 0 0
0.020325 0.450806
0.108887 0.728271 0.195312
0.623713 0.369655 0.688721
0 0 0 0
0.002258 0.468689
0.108887 1.075684 0.008057
0.623713 0.369655 0.688721
0 0 0 0
0.427124 0.468689
0.091797 1.091064 0.016846
0.623713 0.369655 0.688721
0 0 0 0
0.427124 0.450806
-0.091797 0.74585 0.200195
-0.001342 0.468215 0.883613
0 0 0 0
0.020325 0.236511
0.091797 0.74585 0.200195
-0.001342 0.468215 0.883613
0 0 0 0
0.020325 0.450806
0.091797 1.091064 0.016846
-0.001342 0.468215 0.883613
0 0 0 0
0.427124 0.450806
-0.091797 1.091064 0.016357
-0.001342 0.468215 0.883613
0 0 0 0
0.427124 0.236511
-0.108887 1.075684 0.007324
-0.625905 0.369449 0.686841
0 0 0 0
0.427124 0.218811
-0.108887 0.728271 0.195312
-0.625905 0.369449 0.686841
0 0 0 0
0.002258 0.218811
-0.091797 0.74585 0.200195
-0.625905 0.369449 0.686841
0 0 0 0
0.020325 0.236511
-0.091797 1.091064 0.016357
-0.625905 0.369449 0.686841
0 0 0 0
0.427124 0.236511
2 3.891113 0.199707
0.001382 0.001382 0.999998
0 0 0 0
0.063477 0.094238
2 4 0.199707
0.001382 0.001382 0.999998
0 0 0 0
0.036621 0.128601
-2 4 0.199707
0.001382 0.001382 0.999998
0 0 0 0
0.976562 0.128601
-2 3.891113 0.199951
0.001382 0.001382 0.999998
0 0 0 0
0.949707 0.094238
2 3.891113 0.199707
0.001134 -0.938058 0.346478
0 0 0 0
0.063477 0.094238
-2 3.891113 0.199951
0.001134 -0.938058 0.346478
0 0 0 0
0.949707 0.094238
-2 3.813232 -0.002686
0.001088 -0.971263 0.238005
0 0 0 0
0.919312 0.129211
2 3.813232 -0.018311
0.001086 -0.972094 0.234588
0 0 0 0
0.093933 0.129211
2 3.813232 -0.018311
0.001086 -0.972094 0.234588
0 0 0 0
-0.962524 0.091736
-2 3.813232 -0.002686
0.001088 -0.971263 0.238005
0 0 0 0
-0.035889 0.091736
-2 3.813232 -0.112549
0.000978 -1 -0.000001
0 0 0 0
-0.036011 0.033325
2 3.813232 -0.128418
0.000978 -1 -0.000001
0 0 0 0
-0.962585 0.033325
-2 1.061035 -0.022705
0.000978 1 -0.000001
0 0 0 0
-0.962524 0.033325
-2 1.061035 -0.002686
0.000978 1 -0.000001
0 0 0 0
-0.962585 0.091736
2 1.061035 -0.018311
0.000978 1 -0.000001
0 0 0 0
-0.036011 0.091736
2 1.061035 -0.03833
0.000978 1 -0.000001
0 0 0 0
-0.035889 0.033325
66
2 1 0
1 3 0
6 5 4
7 6 4
10 9 8
11 10 8
14 13 12
15 14 12
18 17 16
19 18 16
22 21 20
23 22 20
26 25 24
27 26 24
30 29 28
31 30 28
34 33 32
35 34 32
38 37 36
39 38 36
42 41 40
43 42 40
46 45 44
47 46 44
50 49 48
51 50 48
54 53 52
55 54 52
58 57 56
59 58 56
62 61 60
63 62 60
66 65 64
67 66 64
70 69 68
71 70 68
74 73 72
75 74 72
78 77 76
79 78 76
82 81 80
83 82 80
86 85 84
87 86 84
90 89 88
91 90 88
94 93 92
95 94 92
98 97 96
99 98 96
102 101 100
103 102 100
106 105 104
107 106 104
110 109 108
111 110 108
114 113 112
115 114 112
118 117 116
119 118 116
122 121 120
123 122 120
126 125 124
127 126 124
130 129 128
131 130 128
